0 1
0 2
0 3
1 2
1 4
2 20
2 21
2 23
2 24
2 34
2 37
2 51
2 11
2 25
2 56
2 111
2 113
2 115
2 189
2 59
2 27
2 224
2 240
2 243
2 333
2 207
2 168
2 338
2 340
2 234
2 362
2 364
2 235
2 334
2 363
2 230
2 365
2 41
2 290
2 3
2 366
2 336
2 69
2 291
2 28
2 367
2 221
2 72
2 260
2 368
2 342
2 369
2 108
2 236
2 222
2 31
2 32
2 304
2 305
2 370
2 310
2 311
2 33
2 312
2 313
2 371
2 314
2 372
2 373
2 316
2 4
2 374
2 38
2 318
2 319
2 375
2 39
2 267
2 119
2 322
2 324
2 337
2 183
2 376
2 87
2 377
2 378
2 173
2 91
2 92
2 15
2 45
2 46
2 47
2 8
2 95
2 53
2 48
2 96
2 237
2 40
2 164
2 49
2 379
2 380
2 381
2 97
2 326
2 9
2 98
2 165
2 99
3 23
3 51
3 69
3 91
3 92
3 46
3 47
3 8
3 95
3 53
3 96
4 72
5 6
6 120
6 121
6 122
7 8
7 9
8 37
8 11
8 69
8 38
8 87
8 15
8 40
8 97
9 11
9 69
9 92
9 210
9 98
9 100
10 11
10 12
10 13
10 14
10 15
11 37
11 56
11 57
11 58
11 59
11 60
11 61
11 62
11 63
11 64
11 65
11 66
11 67
11 68
11 69
11 70
11 71
11 72
11 73
11 74
11 75
11 76
11 77
11 78
11 13
11 79
11 80
11 14
11 81
11 38
11 82
11 83
11 39
11 84
11 85
11 86
11 87
11 88
11 89
11 90
11 91
11 92
11 93
11 15
11 45
11 46
11 47
11 94
11 95
11 53
11 48
11 96
11 40
11 49
11 97
11 98
11 99
11 100
12 114
12 82
14 82
15 21
15 34
15 271
15 69
15 119
15 87
15 91
15 92
15 45
15 46
15 47
15 95
15 53
15 48
15 96
15 97
15 100
16 17
16 18
16 19
17 18
17 110
18 110
18 175
18 176
18 177
19 233
20 21
20 22
21 23
21 24
21 25
21 26
21 27
21 28
21 29
21 30
21 31
21 32
21 33
22 25
22 27
22 28
22 221
22 368
22 342
22 222
22 31
22 32
22 370
22 33
22 372
22 375
22 267
22 173
23 34
24 35
24 36
25 101
25 102
26 102
27 101
27 102
28 101
28 102
29 175
29 149
29 402
29 407
29 30
29 239
29 408
29 157
30 197
30 242
30 175
30 261
30 246
30 290
30 200
30 201
30 291
30 149
30 407
30 239
30 408
30 368
30 342
30 411
30 292
30 409
30 293
30 294
30 295
30 296
30 297
30 412
30 298
30 299
30 300
30 301
30 302
30 303
30 306
30 307
30 308
30 309
30 157
30 254
30 289
30 203
30 184
31 101
31 102
32 101
32 102
33 101
33 102
34 37
34 38
34 39
34 40
35 171
36 422
37 41
37 42
37 43
37 38
37 44
37 45
37 46
37 47
37 48
37 40
37 49
37 50
38 52
38 333
38 260
38 315
38 316
38 317
38 325
38 45
38 47
38 48
38 40
39 189
39 231
39 367
39 385
39 420
39 95
39 53
39 40
39 99
40 52
40 92
40 45
40 48
41 363
42 174
42 230
42 366
42 384
42 232
42 43
43 174
43 230
43 384
43 232
43 385
44 174
44 230
44 384
44 232
45 87
45 48
45 96
46 69
46 87
46 47
46 49
47 51
47 69
47 87
47 49
47 210
48 96
49 69
49 87
49 210
50 174
50 384
51 52
51 53
53 69
53 87
53 95
53 210
53 99
54 55
55 214
55 372
55 119
56 106
56 61
56 107
56 108
56 81
56 109
57 114
57 130
57 75
57 118
57 83
57 94
58 114
58 115
58 78
58 82
59 72
59 210
60 137
60 65
60 75
60 78
60 118
61 260
61 76
61 109
61 86
62 174
62 67
62 162
62 337
63 114
63 124
63 64
63 75
63 118
63 94
64 114
64 126
64 75
64 118
64 94
65 114
65 127
65 70
65 75
65 118
65 94
66 114
66 129
66 75
66 392
66 118
66 83
66 94
67 174
67 71
67 162
67 74
67 79
67 80
67 85
67 89
67 378
67 90
68 114
68 131
68 73
68 75
68 118
68 94
69 87
69 91
69 92
69 95
69 98
69 99
70 114
70 128
70 75
70 392
70 118
70 94
71 174
71 162
71 77
71 79
71 80
71 85
71 89
71 378
71 90
72 367
73 114
73 75
73 117
73 118
73 94
74 111
74 415
74 112
75 126
75 128
75 129
75 130
75 137
75 83
75 94
76 335
76 336
76 109
77 162
77 374
77 84
77 109
78 114
78 129
78 160
79 174
79 401
79 162
79 85
79 378
80 174
80 162
80 85
80 89
80 90
83 114
83 138
83 118
83 94
84 162
84 109
84 86
84 429
84 88
85 174
85 162
85 90
86 162
86 374
86 109
86 88
87 95
87 99
88 162
89 174
89 162
89 429
89 378
89 90
90 174
90 162
91 92
91 98
92 210
92 98
93 164
93 391
94 114
94 125
94 118
95 99
96 97
97 210
97 380
97 434
98 210
98 100
99 210
100 210
101 171
101 370
101 375
101 173
102 222
102 370
102 375
102 173
103 104
103 105
104 135
104 154
104 155
104 156
104 246
104 158
104 254
104 105
105 135
105 140
105 154
105 166
105 142
105 143
105 145
105 146
105 147
105 148
105 246
105 359
105 158
105 254
105 152
106 191
107 108
108 335
108 353
108 109
109 353
109 312
110 172
111 112
112 161
112 432
113 114
113 115
114 116
114 117
114 118
115 119
116 128
116 153
117 118
119 369
119 376
120 122
120 174
121 166
121 155
121 242
121 243
121 178
121 122
121 179
121 184
122 166
122 243
122 351
122 383
123 124
123 125
123 126
123 127
123 128
123 129
123 130
123 131
124 126
125 126
125 127
125 128
125 129
125 130
125 131
125 137
125 138
125 139
126 127
126 128
127 129
127 153
128 129
128 130
128 159
128 160
129 138
130 131
130 139
132 133
132 134
133 167
133 168
134 431
135 136
136 140
136 141
136 289
136 203
136 152
137 160
137 138
137 186
138 186
140 141
140 142
140 143
140 144
140 145
140 146
140 147
140 148
140 149
140 150
140 151
140 152
141 166
141 143
141 147
141 152
142 154
142 166
142 143
142 145
142 148
142 152
143 166
143 145
143 146
143 147
143 148
143 149
143 151
143 152
144 145
144 146
144 152
145 166
145 148
145 238
145 239
145 152
146 166
146 147
146 148
146 246
146 152
147 166
147 148
147 359
147 152
148 166
148 152
149 166
149 197
149 216
149 218
149 200
149 201
149 402
149 151
149 152
150 400
150 239
150 382
150 152
151 166
151 216
151 184
151 152
152 170
152 400
152 382
154 155
154 156
154 157
154 158
155 166
155 224
155 225
155 170
155 242
155 243
155 244
155 245
155 246
155 247
155 248
155 249
155 250
155 179
155 251
155 252
155 253
155 254
155 184
156 226
156 246
156 200
156 346
156 256
156 257
156 347
156 201
156 281
156 348
156 349
156 350
156 253
156 158
156 254
156 259
157 242
157 243
157 246
157 311
157 319
157 405
157 265
157 266
157 320
157 321
157 267
157 268
157 254
157 184
158 246
158 254
159 185
160 185
161 162
162 374
162 378
163 164
163 165
164 391
165 391
166 178
166 179
166 180
166 181
166 182
166 183
166 184
167 187
168 243
168 174
168 304
168 315
169 170
169 171
169 172
169 173
170 225
170 233
171 221
171 172
172 286
174 230
174 366
174 384
174 231
174 181
174 232
174 385
174 386
174 387
174 251
174 310
174 311
174 312
174 313
174 318
174 319
174 322
174 324
174 183
174 378
174 326
175 242
175 176
175 177
175 298
175 321
175 184
176 177
176 405
177 266
178 242
178 243
178 342
178 184
179 242
179 262
179 285
179 184
180 181
180 397
180 324
180 183
181 243
181 398
181 399
181 322
181 323
181 183
182 422
183 243
183 251
183 322
183 323
184 242
184 243
184 261
184 262
184 383
187 188
188 192
189 190
190 343
191 213
191 214
192 193
193 194
194 195
195 196
196 204
197 198
197 199
197 200
197 201
197 202
197 203
198 227
198 269
198 199
198 247
198 270
198 271
198 272
198 273
198 248
198 274
198 275
198 276
198 277
198 278
198 279
198 280
198 281
198 282
198 283
198 284
198 285
198 259
199 227
199 269
199 270
199 271
199 272
199 273
199 248
199 274
199 275
199 276
199 277
199 278
199 279
199 280
199 249
199 281
199 282
199 283
199 284
199 285
199 258
199 259
200 271
200 272
200 279
200 347
200 258
200 253
200 259
201 350
201 258
201 253
201 259
202 423
202 203
203 288
203 418
203 289
204 208
205 206
205 207
206 207
206 234
206 235
206 236
206 237
207 234
208 209
209 211
209 212
211 215
212 219
212 220
212 221
212 222
213 390
214 372
215 223
216 217
216 218
217 245
219 357
220 357
223 224
224 225
224 226
224 227
224 228
226 255
226 256
226 257
226 258
226 253
226 259
227 269
228 327
229 230
229 231
229 232
230 366
230 384
230 231
230 232
230 385
231 384
231 385
232 384
234 235
235 236
236 364
236 237
238 382
239 246
239 396
239 400
239 382
239 254
240 241
241 337
242 243
242 261
242 262
242 255
242 263
242 264
242 252
242 265
242 266
242 267
242 268
243 261
243 290
243 291
243 292
243 293
243 294
243 295
243 296
243 297
243 298
243 299
243 300
243 301
243 302
243 303
243 304
243 305
243 306
243 307
243 308
243 309
243 251
243 310
243 311
243 312
243 313
243 314
243 315
243 316
243 317
243 318
243 319
243 265
243 266
243 320
243 321
243 267
243 268
243 322
243 323
243 324
243 325
243 326
244 327
244 328
245 351
246 261
246 382
247 262
247 255
248 250
248 258
249 394
249 250
250 256
251 324
252 291
252 289
253 346
253 256
253 258
253 259
254 400
255 262
255 270
256 349
256 258
256 259
257 271
258 274
258 346
258 259
259 269
259 346
260 333
261 294
261 298
261 299
261 301
261 303
261 307
262 275
262 283
262 263
262 264
263 272
263 273
264 277
264 278
265 405
265 266
266 267
267 406
267 405
267 321
267 268
268 406
269 270
269 279
270 280
273 346
273 281
274 280
274 282
275 276
275 283
276 277
276 284
277 281
277 285
279 347
279 394
280 282
282 283
283 284
284 285
286 287
287 360
288 289
289 418
290 291
291 324
292 407
292 411
292 293
292 301
293 409
293 294
293 295
293 299
294 296
295 358
295 299
295 308
296 408
296 416
296 417
296 307
297 417
297 412
297 303
298 407
298 303
299 409
300 409
304 305
304 310
304 311
304 312
304 313
304 314
304 318
304 319
304 326
305 315
305 421
307 308
308 408
310 318
310 424
311 425
312 425
313 318
313 320
313 426
313 427
313 326
314 316
314 326
315 316
315 428
316 325
317 371
318 421
320 405
320 321
320 325
321 405
322 428
322 324
323 398
325 428
328 329
328 330
328 331
328 332
332 338
333 334
334 335
335 336
337 390
337 373
338 339
339 340
340 341
341 344
344 345
345 352
346 348
346 349
350 418
352 354
354 355
355 356
356 357
357 360
357 361
361 388
362 363
365 391
366 384
369 377
373 420
374 429
378 401
379 380
380 433
380 381
380 434
381 434
382 400
384 385
384 390
386 397
387 414
388 389
389 393
393 395
403 404
404 414
407 409
407 410
408 413
409 411
409 412
409 413
410 419
410 413
412 419
415 432
418 423
430 431
