0 1
0 2
1 2
1 3
2 14
2 42
2 90
2 146
2 152
2 190
2 191
2 193
2 204
2 214
2 220
2 91
2 215
2 17
2 244
2 233
2 257
2 268
2 106
2 269
2 270
2 271
2 32
2 272
2 234
2 273
2 231
2 48
2 274
2 236
2 242
2 275
2 43
2 276
2 144
2 277
2 93
2 278
2 279
2 280
2 281
2 282
2 283
2 284
2 195
2 238
2 258
2 285
2 286
2 287
2 288
2 289
2 205
2 290
2 291
2 292
2 293
2 294
2 295
2 296
2 297
2 210
2 298
2 299
2 240
2 300
2 301
2 302
2 303
2 304
2 305
2 102
2 306
2 307
2 5
2 308
2 309
2 310
2 311
2 119
2 33
2 63
2 34
2 312
2 3
2 313
4 5
5 39
5 60
5 96
5 104
5 107
5 145
5 147
5 232
5 32
5 339
5 317
5 350
5 369
5 297
5 239
5 33
5 63
5 327
5 109
6 7
6 8
6 9
6 10
6 11
6 12
6 13
7 20
7 10
7 11
7 13
8 21
8 24
8 9
8 30
9 21
9 22
9 23
9 36
9 25
9 26
9 27
9 28
9 20
9 29
9 48
9 35
9 12
9 55
9 38
10 11
10 35
10 41
10 12
10 55
10 30
10 13
11 22
11 35
11 41
11 12
11 55
12 26
12 35
12 389
12 55
12 13
13 35
13 41
13 55
13 30
15 16
15 17
15 18
15 19
16 51
16 79
16 110
16 70
16 113
16 81
16 120
16 83
16 85
16 121
16 122
16 123
16 124
16 125
16 126
16 127
16 128
16 129
16 130
16 52
16 18
16 131
16 87
16 53
16 132
16 19
16 133
16 111
16 134
16 112
16 135
16 54
16 136
16 117
16 137
16 118
16 88
16 46
16 138
16 119
17 51
17 79
17 89
17 90
17 110
17 81
17 82
17 120
17 83
17 157
17 85
17 197
17 220
17 125
17 126
17 106
17 128
17 129
17 130
17 231
17 181
17 131
17 87
17 198
17 53
17 132
17 19
17 133
17 111
17 134
17 112
17 135
17 242
17 54
17 136
17 161
17 93
17 237
17 199
17 88
17 195
17 238
17 162
17 164
18 113
18 330
19 110
19 87
19 133
20 21
20 24
20 30
21 22
21 23
21 24
21 25
21 26
21 27
21 28
21 29
21 30
22 24
22 30
23 24
23 35
23 30
24 36
24 25
24 26
24 27
24 28
24 29
24 37
25 41
25 30
26 30
27 55
27 30
28 58
28 59
28 30
29 30
30 58
30 38
31 32
31 33
31 34
32 39
32 61
32 101
32 107
32 146
32 147
32 148
32 232
32 149
32 269
32 274
32 317
32 278
32 319
32 320
32 321
32 299
32 40
32 239
32 322
32 302
32 323
32 62
32 102
32 324
32 325
32 326
32 241
32 34
32 327
32 109
32 64
33 39
33 61
33 101
33 107
33 146
33 147
33 148
33 232
33 149
33 269
33 48
33 274
33 317
33 278
33 319
33 320
33 321
33 347
33 299
33 40
33 239
33 322
33 302
33 323
33 62
33 102
33 324
33 325
33 326
33 241
33 34
33 327
33 109
33 64
34 101
34 327
36 38
38 368
38 58
39 40
40 107
40 319
40 299
40 325
40 326
41 383
41 55
42 43
43 354
43 282
43 195
43 196
44 45
44 46
45 46
46 79
46 113
46 81
46 83
46 85
46 125
46 131
46 360
46 361
46 141
46 95
47 48
47 49
47 50
48 73
48 98
48 214
48 264
48 265
48 341
48 49
48 266
48 342
48 343
48 344
48 283
48 345
48 346
48 208
48 209
48 267
48 211
48 347
48 50
48 348
48 349
48 212
48 213
49 345
49 209
51 52
51 53
51 54
52 127
52 53
52 132
52 54
52 138
53 110
53 87
53 132
53 54
56 57
57 98
57 191
58 59
61 62
61 63
61 64
62 232
62 235
62 317
62 319
62 321
62 239
62 390
62 63
63 232
63 321
63 102
63 241
63 64
64 232
64 327
65 66
66 139
66 142
66 256
66 260
66 247
66 248
66 249
66 250
66 251
66 252
66 253
66 254
66 255
66 388
67 68
67 69
67 70
67 71
67 72
68 79
68 89
68 90
68 70
68 82
68 91
68 92
68 93
68 94
68 71
68 95
69 70
70 113
70 114
70 71
70 72
71 332
71 335
71 358
71 334
71 362
71 94
71 338
71 359
71 363
71 72
72 332
72 357
72 114
72 94
72 367
74 75
74 76
74 77
74 78
75 186
75 76
75 77
75 78
76 122
76 187
76 186
76 137
76 156
76 225
77 174
77 122
77 200
77 186
77 177
77 351
77 182
77 183
77 355
77 137
77 184
77 185
77 78
77 395
77 225
77 396
78 122
78 186
78 137
78 225
79 80
79 81
79 82
79 83
79 84
79 85
79 86
79 87
79 88
81 82
81 84
81 86
81 87
81 88
82 89
82 83
82 85
82 125
82 99
83 157
83 84
83 158
83 86
83 159
83 160
83 87
83 161
83 88
83 162
83 163
83 164
84 85
84 166
84 167
84 124
84 125
84 168
84 169
84 130
84 170
84 171
84 172
84 173
85 103
85 115
85 174
85 158
85 125
85 168
85 86
85 175
85 176
85 177
85 178
85 179
85 180
85 181
85 87
85 182
85 183
85 88
85 184
85 116
85 185
86 158
86 222
86 125
86 223
86 159
86 160
86 163
87 110
87 125
87 111
87 112
88 113
88 157
88 197
88 125
88 198
88 161
88 199
88 162
88 164
89 99
89 100
90 105
90 106
90 93
91 204
91 205
93 105
93 242
94 357
96 97
97 104
97 192
99 100
100 196
101 102
102 153
102 154
102 148
102 280
102 292
102 324
102 391
102 325
102 392
102 326
102 393
102 394
105 231
106 231
106 196
107 108
107 109
108 320
108 347
108 322
108 323
108 326
108 109
110 111
110 112
111 126
111 131
111 134
112 120
112 135
112 150
112 151
112 136
113 117
113 118
113 119
114 314
114 357
114 315
114 316
115 116
116 125
117 120
117 337
117 136
118 364
118 316
119 247
119 248
119 249
119 268
119 261
119 251
119 252
119 253
119 301
119 311
120 150
120 151
121 122
121 188
121 189
121 137
121 156
122 186
123 201
123 188
123 124
123 202
124 201
124 202
125 174
126 128
135 150
135 151
136 150
136 151
137 186
137 262
137 365
137 366
140 141
141 328
141 329
141 331
143 144
144 318
146 147
146 148
146 149
149 241
150 203
150 221
150 352
150 151
150 353
151 203
151 221
151 352
151 353
153 154
154 192
155 156
156 216
156 224
156 223
156 227
156 229
156 245
156 263
156 219
156 365
156 366
157 161
157 165
158 160
161 165
161 164
164 165
169 332
172 177
172 182
172 183
172 334
172 184
172 185
173 177
173 182
173 183
173 334
173 184
173 185
174 187
176 178
176 179
176 332
176 333
176 180
177 182
177 334
178 332
179 332
179 333
180 332
180 333
181 196
182 183
182 355
182 334
182 184
182 185
183 355
183 334
184 334
185 355
185 334
186 187
186 225
188 201
192 350
192 340
192 313
193 194
193 195
193 196
194 214
194 264
194 265
194 266
194 267
194 212
195 272
195 276
195 284
195 298
195 312
196 204
196 220
196 276
196 288
196 289
196 290
196 340
196 370
196 208
196 298
196 312
197 198
197 199
204 205
205 287
205 372
205 373
206 207
206 208
206 209
206 210
206 211
206 212
206 213
208 209
208 213
209 349
210 336
212 265
212 267
214 215
215 230
216 217
218 219
222 223
224 225
226 227
228 229
229 243
230 275
230 266
232 233
232 234
232 235
232 236
232 237
232 238
232 239
232 240
232 241
233 238
234 238
239 269
241 321
246 247
246 248
246 249
246 250
246 251
246 252
246 253
246 254
246 255
247 261
248 261
249 261
251 261
252 261
253 261
257 258
257 259
259 384
259 305
259 309
262 263
269 317
269 278
270 318
274 283
278 356
281 293
285 318
286 371
287 288
287 289
287 290
289 374
290 376
290 377
290 378
290 379
291 384
292 385
299 302
299 323
306 349
307 308
307 397
307 310
307 356
308 397
310 397
314 315
314 316
320 322
320 323
324 326
332 333
332 335
334 358
334 355
334 362
334 338
335 338
339 340
342 344
344 368
358 359
359 367
360 361
362 363
363 367
371 387
372 373
374 375
376 382
378 380
379 381
385 386
