0 1
0 2
0 3
1 138
1 179
2 52
2 376
2 89
2 213
3 178
3 214
3 19
4 5
5 344
5 286
6 7
6 8
6 9
6 10
6 11
6 12
7 197
8 233
8 199
9 141
9 229
10 271
10 71
11 198
11 324
12 177
12 198
13 14
13 15
13 16
14 51
14 16
15 91
15 230
16 101
17 18
17 19
17 20
18 283
18 45
18 20
19 142
19 144
19 140
19 344
19 263
19 31
19 317
19 434
19 248
20 438
21 22
21 23
22 373
22 184
22 185
22 112
22 104
22 374
23 181
23 411
24 25
24 26
24 27
25 91
25 135
26 51
26 27
27 102
28 29
28 30
28 31
29 31
29 224
29 225
32 33
32 34
32 35
33 51
33 35
34 91
34 232
35 100
36 37
36 38
36 39
37 39
37 44
37 45
38 232
38 180
39 133
40 41
40 42
40 43
41 328
41 72
42 43
42 106
43 109
44 203
44 141
45 306
46 47
46 48
46 49
47 72
47 73
48 49
48 106
49 113
50 51
50 52
50 53
50 54
50 55
50 56
50 57
50 58
51 91
51 92
51 93
51 94
51 95
51 96
51 97
51 89
52 216
53 264
53 265
53 266
53 267
53 268
54 275
54 276
55 277
55 278
56 281
56 284
57 122
57 137
57 60
57 141
58 211
58 175
58 170
58 292
58 371
59 60
59 61
59 62
59 63
59 64
59 65
60 173
60 138
61 313
62 340
63 369
64 424
65 174
65 356
65 276
65 381
65 326
65 379
66 67
66 68
66 69
66 70
66 71
67 252
67 118
67 253
67 151
68 294
68 154
69 297
69 272
69 153
69 339
70 256
70 355
70 306
70 414
70 425
70 436
71 311
71 352
71 152
72 159
72 350
72 106
73 169
73 327
73 329
73 349
74 75
74 76
75 134
75 135
76 176
76 338
76 345
77 78
77 79
77 80
78 135
78 180
79 80
79 194
79 195
80 133
81 82
81 83
82 117
82 118
82 119
82 120
82 121
83 188
83 360
84 85
84 86
84 87
84 88
84 89
84 90
85 200
86 201
86 209
87 214
87 89
87 105
88 196
88 271
88 211
88 387
88 216
88 96
88 163
88 143
88 180
88 106
88 116
89 202
89 212
89 105
89 116
90 288
90 296
90 310
90 312
90 321
90 331
90 353
90 361
90 388
91 164
91 165
91 166
91 167
92 394
92 395
93 396
93 397
94 403
94 404
95 193
95 405
96 196
97 179
97 211
97 209
97 200
97 377
97 378
97 163
97 105
98 99
98 100
98 101
98 102
98 103
98 104
98 105
98 106
98 107
99 147
99 193
100 279
101 188
102 226
103 198
103 396
104 394
105 271
106 157
106 384
106 389
106 308
106 401
107 406
107 403
108 109
108 110
108 111
108 112
108 113
108 114
108 115
108 116
109 147
110 226
110 227
111 198
111 385
112 156
113 279
114 307
114 406
115 188
115 390
116 271
116 378
117 141
117 192
118 271
119 187
119 360
120 188
120 422
121 188
121 343
122 123
123 256
123 439
124 125
124 126
124 127
124 128
125 127
125 133
126 286
126 306
127 420
128 141
128 298
128 365
129 130
129 131
129 132
130 231
130 180
131 132
131 133
132 182
132 316
133 228
133 191
133 241
133 254
133 439
134 177
134 341
135 176
135 296
135 421
136 137
136 138
136 139
136 140
136 141
137 163
138 178
139 214
139 211
140 212
141 195
141 182
141 234
141 235
142 143
143 306
143 257
144 145
144 146
145 346
145 146
145 347
146 380
147 215
147 218
147 236
147 163
147 429
148 149
148 150
148 151
148 152
148 153
148 154
148 155
149 329
149 348
149 358
149 216
149 388
150 321
150 322
150 323
151 312
151 252
152 310
152 311
153 296
153 297
154 288
154 294
155 159
155 293
155 372
155 349
156 157
156 158
157 158
158 159
159 160
159 161
159 162
160 401
160 227
161 389
161 390
162 384
162 385
164 231
164 395
165 222
165 397
166 245
166 404
167 219
167 405
168 169
168 170
168 171
168 172
169 326
170 367
170 368
171 277
171 291
171 335
172 173
172 275
172 357
173 174
173 175
174 334
175 381
175 379
176 177
177 324
177 325
178 201
179 196
180 221
180 190
180 244
180 250
180 439
180 420
181 182
181 183
181 184
181 185
181 186
183 271
183 323
184 423
185 410
186 373
187 188
188 253
189 190
189 191
189 192
190 230
191 192
192 347
193 405
194 305
194 306
195 319
197 198
197 199
198 233
198 352
199 258
199 342
200 388
201 202
203 204
203 205
203 206
203 207
203 208
204 271
204 333
205 279
205 427
206 279
206 426
207 415
207 400
208 398
209 378
210 211
210 212
210 213
211 275
211 277
211 281
213 439
215 216
215 217
216 253
216 352
216 374
216 399
216 339
216 408
217 363
217 274
217 359
217 436
218 219
218 220
219 250
219 361
219 320
219 224
220 237
221 222
221 223
222 259
222 310
222 342
222 269
223 228
223 229
224 257
225 255
225 306
226 336
226 337
226 338
226 339
227 401
228 229
229 270
230 312
230 346
230 393
230 409
231 321
231 315
231 430
231 413
232 331
232 283
232 435
232 417
234 240
234 300
235 255
235 237
236 237
236 238
236 239
237 274
237 320
238 432
238 370
239 245
239 418
240 241
240 242
240 243
241 243
242 246
242 306
243 244
244 245
245 353
245 247
245 370
246 247
246 248
246 249
247 257
248 249
249 440
250 251
251 254
251 255
252 295
254 255
256 257
257 285
257 269
257 346
257 315
257 283
257 421
258 259
259 280
260 261
260 262
260 263
261 269
261 270
261 263
264 335
264 386
265 340
266 313
267 424
268 369
270 306
271 272
271 273
271 274
272 319
273 300
273 355
276 379
278 357
278 368
279 398
279 399
279 400
280 343
281 282
282 371
282 335
282 372
284 291
284 375
285 286
285 287
286 344
287 288
287 298
287 364
287 420
289 290
289 291
289 292
289 293
290 334
290 335
291 356
291 372
291 375
292 335
292 375
293 335
293 367
293 381
294 295
295 297
295 311
295 322
295 332
295 354
295 363
295 388
298 299
299 337
299 325
299 366
300 301
300 302
300 303
300 304
301 391
302 406
302 432
303 406
303 431
304 418
304 407
305 383
305 434
305 421
306 316
306 347
307 308
307 309
308 309
309 350
314 315
314 316
314 317
314 318
317 318
318 437
319 362
319 325
319 345
320 429
322 323
323 374
323 414
324 343
326 372
326 367
327 328
328 356
328 358
329 330
330 331
330 332
330 333
332 333
333 399
333 425
334 348
334 349
334 350
335 386
336 345
337 341
338 362
341 362
342 343
343 422
348 351
351 353
351 354
351 355
354 355
355 408
356 357
357 367
357 368
358 359
359 361
359 363
360 392
360 409
364 365
364 366
370 419
371 386
373 411
376 377
376 378
377 387
382 383
383 434
384 385
387 388
389 390
391 406
391 418
392 393
393 402
394 395
396 397
398 415
402 410
403 404
406 407
406 408
409 410
410 423
410 422
411 412
411 413
412 430
413 426
415 416
415 417
416 435
417 431
418 419
423 426
426 427
426 428
427 431
428 430
431 432
431 433
433 435
