0 1
0 2
0 3
1 93
1 96
2 104
2 90
2 169
3 198
4 5
5 148
5 323
6 7
6 8
6 9
7 23
7 26
8 124
8 32
8 111
9 82
9 227
9 26
10 11
10 12
10 13
11 94
11 99
12 102
12 89
12 96
12 165
13 72
13 90
13 248
13 328
13 118
13 79
13 156
13 199
14 15
14 16
14 17
15 97
16 149
16 217
17 225
17 331
17 97
17 189
18 19
18 20
18 21
19 175
20 195
20 269
21 194
21 206
22 23
22 24
22 25
23 27
23 30
23 33
23 34
24 39
24 83
24 111
24 60
25 354
25 355
26 60
26 115
27 28
27 29
28 267
28 268
29 47
29 115
30 31
30 32
31 288
31 289
32 49
32 290
32 101
32 193
33 114
33 45
34 190
34 38
35 36
35 37
35 38
36 39
36 47
36 49
36 81
37 147
37 148
38 84
38 60
38 291
39 40
40 286
40 287
41 42
41 43
41 44
41 45
41 46
42 129
42 140
43 82
43 110
43 114
43 61
43 193
44 128
44 278
44 235
45 81
45 346
46 59
46 113
46 124
47 48
48 230
48 231
49 50
50 218
50 219
51 52
51 53
51 54
52 130
52 173
52 233
53 245
53 260
54 244
54 282
54 284
54 278
54 237
55 56
55 57
55 58
56 100
56 57
57 85
57 298
57 180
58 227
58 274
58 146
59 60
59 61
60 61
60 292
62 63
62 64
62 65
63 139
63 160
63 185
64 137
64 270
65 138
65 194
65 306
65 177
65 243
66 67
66 68
66 69
66 70
66 71
67 117
68 154
68 348
68 74
68 75
68 338
69 116
69 352
70 76
70 71
71 117
72 73
72 74
72 75
72 76
73 348
73 349
73 78
73 337
73 117
73 338
74 126
74 351
75 359
76 154
77 78
77 79
77 80
78 155
78 157
78 352
79 80
80 356
81 125
82 83
82 84
83 101
84 112
85 86
85 87
86 151
86 152
86 153
87 122
87 123
88 89
88 90
88 91
89 90
90 164
90 94
90 303
90 198
90 254
91 104
91 98
91 165
91 339
91 303
91 198
91 254
92 93
92 94
92 95
93 98
94 105
95 318
95 96
95 345
96 105
96 169
96 303
96 166
96 254
97 275
97 149
98 166
99 102
99 103
100 274
100 146
101 193
102 103
103 332
104 105
105 170
106 107
106 108
106 109
107 188
107 189
108 226
109 293
109 217
110 111
110 112
111 112
111 291
111 115
111 292
112 115
113 114
113 115
114 128
114 129
114 125
116 117
116 118
116 119
117 154
118 119
119 353
120 121
120 122
120 123
121 122
121 180
122 179
123 178
123 357
124 125
125 358
126 127
127 349
128 129
130 131
130 132
131 171
131 203
131 229
132 232
132 172
133 134
133 135
133 136
134 167
134 187
135 184
135 277
135 235
135 259
135 260
135 261
135 262
135 264
135 266
135 269
135 270
136 158
136 160
137 138
137 139
139 194
140 290
140 358
141 142
142 231
142 323
143 144
143 145
143 146
144 149
144 150
145 329
145 311
145 274
146 181
146 273
146 329
146 361
146 344
147 148
147 251
149 250
149 150
150 272
151 296
151 163
151 180
151 153
152 296
152 162
152 180
152 320
153 161
154 155
154 156
154 157
156 157
158 159
158 160
159 234
159 235
159 236
159 237
159 238
159 239
159 240
159 241
159 242
159 243
160 167
160 186
160 177
161 162
161 163
162 336
162 342
163 336
163 320
164 165
164 166
167 168
168 184
168 185
169 198
170 318
171 172
171 173
172 261
173 232
173 278
173 307
173 238
174 175
174 176
174 177
175 206
175 316
175 195
175 242
176 210
176 285
177 185
178 179
178 180
179 319
180 342
181 182
181 183
182 279
182 274
183 227
183 274
184 271
185 187
185 234
185 271
186 187
188 250
188 217
189 226
190 191
190 192
191 192
191 251
192 213
194 195
196 197
196 198
196 199
197 228
197 199
198 255
200 201
200 202
200 203
201 229
202 224
202 262
203 223
204 205
205 335
206 207
206 208
207 214
207 211
208 265
208 210
209 210
209 211
210 214
210 313
210 241
211 265
212 213
213 323
214 215
214 216
215 223
215 222
216 263
216 221
218 219
218 251
219 341
220 221
220 222
221 223
221 285
221 309
221 240
222 263
223 224
224 229
225 226
225 227
226 310
226 312
226 251
227 343
227 344
229 285
229 308
229 239
230 231
230 251
233 282
233 245
234 271
235 275
235 276
236 281
236 305
237 284
238 307
239 308
240 309
241 313
242 316
243 306
244 245
246 247
246 248
246 249
247 349
247 248
251 267
251 331
251 286
251 355
251 323
251 289
252 253
252 254
252 255
253 330
253 255
256 257
256 258
256 259
257 282
257 281
258 280
258 283
259 305
260 284
261 307
262 308
263 264
264 309
265 266
266 313
267 268
268 295
269 316
270 306
272 273
272 274
273 279
273 311
273 324
274 279
274 350
275 276
276 343
277 278
278 281
278 285
280 281
281 305
282 283
286 287
287 322
288 289
288 300
292 358
294 295
295 323
296 297
296 298
297 314
297 315
299 300
300 323
301 302
301 303
301 304
302 304
302 320
304 339
310 311
310 312
311 314
312 329
314 315
314 324
315 336
317 318
317 319
317 320
318 319
320 342
321 322
322 323
323 341
323 334
324 361
325 326
325 327
325 328
326 337
326 328
326 338
333 334
334 354
335 357
337 351
338 360
339 345
340 341
344 350
346 347
348 351
350 361
351 359
351 360
354 355
359 360
