0 1
0 2
0 3
0 4
0 5
0 6
0 7
0 8
0 9
0 10
0 11
0 12
1 17
1 306
1 360
1 61
2 74
2 376
2 260
3 347
3 495
4 516
4 464
5 222
5 523
5 178
6 538
6 450
7 30
7 368
7 427
8 47
8 357
8 359
9 426
9 421
10 410
10 378
10 305
11 183
11 468
12 62
12 158
12 51
12 218
13 14
13 15
13 16
13 17
13 18
13 19
13 20
13 21
13 22
13 23
13 24
13 25
13 26
13 27
13 28
13 29
14 410
14 369
14 40
14 310
14 411
14 74
14 405
15 332
15 367
16 281
16 493
16 41
17 516
17 428
18 402
18 270
19 77
19 463
20 42
20 470
20 365
21 302
21 492
22 47
22 286
22 84
23 66
23 306
24 473
24 566
25 62
25 356
25 374
26 30
26 424
26 547
26 495
27 400
27 49
27 304
27 537
28 48
28 339
28 430
29 31
29 534
29 344
30 31
30 32
30 33
30 34
30 35
30 36
30 37
30 38
30 39
30 40
30 41
30 42
30 43
30 44
30 45
30 46
31 412
31 413
31 414
31 415
31 325
31 288
31 56
31 326
31 416
31 417
32 236
32 466
32 171
33 462
33 479
34 77
34 487
34 397
35 491
35 492
36 501
36 502
37 516
37 220
37 178
38 522
38 518
38 332
38 423
39 463
39 548
39 274
40 523
40 86
41 76
41 314
41 309
42 62
42 322
42 105
43 302
43 334
43 515
43 246
44 48
44 438
44 474
45 93
45 83
45 566
46 388
46 308
46 418
46 333
47 48
47 49
47 50
47 51
47 52
47 53
47 54
47 55
47 56
47 57
47 58
47 59
47 60
47 61
48 303
48 349
48 418
48 294
48 419
48 282
48 420
48 421
48 285
48 86
48 422
48 423
49 519
49 417
50 343
50 270
51 551
52 62
52 492
53 76
53 562
54 281
54 307
54 408
54 89
55 62
55 315
55 535
56 316
56 465
56 394
56 384
56 378
56 474
56 402
57 76
57 321
57 68
57 71
57 558
57 405
58 156
58 198
58 479
58 75
59 193
59 370
59 382
59 175
60 413
60 482
60 517
61 549
61 414
62 63
62 64
62 65
62 66
62 67
62 68
62 69
62 70
62 71
62 72
62 73
62 74
62 75
63 426
63 427
63 428
63 85
63 340
63 289
63 429
64 206
64 238
64 179
65 518
65 435
66 321
66 548
67 93
67 385
68 464
69 92
69 281
69 417
69 434
69 450
70 302
70 77
70 499
70 500
70 317
70 549
70 556
70 318
70 441
70 378
71 463
71 474
72 562
72 523
73 398
73 160
73 525
74 323
75 76
75 353
76 77
76 78
76 79
76 80
76 81
76 82
76 83
76 84
76 85
76 86
76 87
76 88
76 89
76 90
76 91
77 430
77 431
77 432
77 358
77 102
77 283
77 385
77 433
77 434
77 435
78 469
78 470
79 473
79 475
80 238
80 480
80 178
81 373
81 466
82 401
82 472
83 356
84 464
85 377
85 499
85 535
86 428
87 110
87 349
87 330
88 398
88 399
88 407
89 157
89 412
89 529
90 346
90 340
90 564
91 262
91 483
92 93
92 94
92 95
92 96
92 97
92 98
92 99
92 100
92 101
92 102
92 103
92 104
92 105
92 106
92 107
92 108
92 109
93 113
93 436
93 437
93 390
93 438
93 439
93 440
93 441
93 117
93 340
93 201
93 433
93 423
93 402
94 473
94 474
95 491
95 493
96 187
96 497
97 154
97 264
98 506
98 508
99 298
99 121
99 268
100 184
100 336
100 555
101 124
101 354
101 248
102 558
103 138
103 250
104 185
104 498
105 520
106 137
106 362
106 163
107 477
107 505
107 178
108 355
108 138
108 250
109 139
109 291
109 121
110 111
110 112
110 113
110 114
110 115
110 116
110 117
110 118
110 119
110 120
110 121
110 122
110 123
111 442
111 436
111 443
111 133
111 280
111 153
112 497
112 498
113 511
113 144
114 157
114 244
115 138
115 151
115 391
116 132
116 509
117 184
117 552
117 351
118 275
118 372
118 387
119 561
119 132
119 509
120 125
120 453
120 512
121 148
121 361
121 292
121 143
121 450
122 156
122 392
122 141
123 124
123 527
123 542
123 565
124 125
124 126
124 127
124 128
124 129
124 130
124 131
124 132
124 133
124 134
124 135
124 136
125 339
125 299
125 188
125 444
125 445
125 151
125 404
125 446
126 486
126 485
127 202
127 321
127 494
127 153
128 497
128 264
129 521
129 454
129 434
130 536
130 533
130 332
131 290
131 298
131 154
132 148
132 295
132 440
132 451
133 312
133 277
133 381
133 278
134 187
134 552
135 194
135 477
136 392
136 279
136 452
137 138
137 139
137 140
137 141
137 142
137 143
137 144
137 145
137 146
137 147
138 447
138 443
138 445
138 448
138 296
138 354
138 449
138 450
139 508
140 194
140 230
140 509
141 554
141 553
142 157
142 242
143 560
144 275
144 149
145 156
145 298
145 561
146 451
146 565
147 379
147 552
147 433
148 149
148 150
148 151
148 152
148 153
148 154
148 155
149 337
149 300
149 164
149 448
149 451
149 452
149 242
150 157
150 507
151 348
151 554
152 298
152 528
152 543
152 434
153 218
153 354
154 342
155 156
155 379
155 564
156 157
156 158
156 159
156 160
156 161
156 162
156 163
156 164
156 165
156 166
157 453
157 416
157 454
158 494
158 495
159 511
159 268
160 518
161 544
161 408
162 555
162 553
163 498
164 559
165 482
165 391
165 434
166 560
166 513
167 168
167 169
167 170
167 171
167 172
167 173
168 455
168 456
168 457
168 458
168 376
168 180
169 333
169 254
170 388
170 517
170 532
170 546
171 409
171 175
171 481
171 364
171 514
172 380
172 335
172 190
173 261
173 386
173 476
174 175
174 176
174 177
174 178
174 179
174 180
174 181
175 191
175 367
176 212
176 363
176 522
177 476
177 566
178 375
178 467
178 319
178 362
178 510
178 320
178 357
179 380
179 322
179 503
179 315
180 406
180 547
180 425
181 395
181 458
181 333
182 183
184 185
184 186
186 381
187 188
188 350
188 554
189 190
189 191
190 395
190 387
191 476
192 193
194 195
194 196
194 197
195 327
195 266
196 232
196 513
197 361
197 445
197 256
199 200
199 201
200 338
200 521
201 482
202 203
203 204
203 526
203 404
204 205
205 355
205 538
207 208
208 319
209 210
210 320
211 212
213 214
214 294
215 216
216 406
216 376
216 553
217 218
219 220
220 517
221 222
222 455
223 224
224 531
224 532
225 226
226 545
226 546
227 228
228 458
228 547
228 460
229 230
230 510
231 232
232 320
233 234
234 370
234 357
234 315
234 514
235 236
236 382
236 322
236 467
237 238
238 481
239 240
240 364
240 319
240 503
241 242
243 244
244 300
245 246
246 309
246 384
247 248
248 390
249 250
251 252
252 325
252 326
253 254
254 425
254 563
255 256
256 505
256 372
257 258
258 317
258 534
259 260
260 335
263 264
265 266
266 371
266 362
267 268
269 270
270 287
271 272
272 346
272 527
273 274
274 436
274 337
274 410
275 276
275 277
275 278
275 279
275 280
276 312
276 478
277 506
278 560
279 490
279 435
280 496
281 282
281 283
281 284
281 285
282 475
283 520
284 321
284 345
284 347
284 479
285 465
285 472
285 502
286 287
286 288
286 289
287 520
288 562
289 439
289 523
290 291
290 292
290 293
291 302
291 541
292 387
293 345
293 361
293 483
293 490
294 530
295 296
295 297
296 351
297 327
297 504
297 443
298 299
298 300
298 301
299 506
301 328
301 348
301 504
302 303
302 304
302 305
302 306
303 473
304 524
304 446
305 421
307 308
307 309
307 310
307 311
308 519
310 341
310 485
311 479
311 435
312 313
313 506
313 507
314 315
316 317
316 318
318 472
321 322
321 323
321 324
321 325
321 326
323 491
324 533
324 450
326 562
328 329
328 330
329 484
329 485
330 519
330 522
331 332
331 333
332 525
333 462
334 335
336 337
338 339
338 340
339 486
340 475
341 342
342 484
343 344
344 385
344 566
345 346
348 349
349 355
349 494
350 351
351 555
352 353
352 354
353 533
353 423
354 496
354 444
354 454
356 357
356 358
356 359
356 360
358 466
358 365
359 480
360 420
360 480
361 362
363 364
363 365
363 366
363 367
364 493
365 566
365 387
365 411
365 374
366 409
366 460
366 563
367 396
367 400
368 369
369 557
371 372
372 477
373 374
374 393
375 376
377 378
381 387
383 384
383 385
386 387
389 390
389 391
391 399
391 478
391 444
393 394
394 470
396 397
397 459
397 489
397 563
401 402
402 500
403 404
403 405
404 540
404 425
405 489
407 408
408 537
411 471
411 514
412 478
412 462
413 462
414 550
415 463
415 421
416 531
416 545
417 489
418 521
418 522
419 541
419 544
420 468
422 557
422 480
423 456
424 425
426 550
427 557
429 515
429 558
430 548
431 550
431 551
432 465
432 515
433 528
437 499
437 502
438 558
439 485
440 512
441 520
442 484
442 487
446 496
446 529
447 511
447 512
448 507
449 504
449 559
452 483
453 559
454 488
455 522
456 524
456 526
457 536
457 539
458 461
459 460
461 462
463 464
467 468
469 471
469 481
471 472
486 488
487 488
489 490
500 501
501 503
504 505
508 510
513 561
514 515
524 525
526 531
527 528
529 530
530 532
534 535
536 537
538 540
539 540
539 545
541 542
542 543
543 564
544 546
548 549
551 556
552 553
553 556
555 565
