0 1
0 2
0 3
0 4
0 5
0 6
0 7
0 8
0 9
0 10
1 48
2 93
2 89
3 104
4 109
5 46
5 73
6 99
6 98
6 69
6 94
7 27
7 126
8 45
8 91
8 92
9 47
9 108
9 106
10 67
10 113
10 111
11 12
12 125
12 77
13 14
14 123
15 16
16 120
17 18
18 124
18 127
19 20
20 39
20 127
21 22
22 117
23 24
24 115
25 26
26 104
26 126
28 29
28 30
28 31
28 32
28 33
29 94
30 39
31 36
31 95
31 79
32 93
32 79
33 34
33 40
33 45
33 124
33 119
33 122
33 125
34 35
34 36
34 37
34 38
34 39
35 90
36 93
36 94
37 107
38 88
38 71
39 105
40 41
40 42
40 43
40 44
41 92
42 105
42 106
43 91
43 85
44 45
44 93
44 94
44 89
45 46
45 47
45 48
47 104
48 73
49 50
49 51
49 52
50 57
51 54
51 81
51 64
52 100
52 81
53 54
53 55
53 56
53 57
54 100
54 101
55 112
56 83
56 64
57 125
57 110
58 59
58 60
58 61
58 62
58 63
58 64
59 97
60 100
61 110
61 111
62 96
62 87
63 103
63 101
64 103
65 66
65 67
65 68
65 69
66 98
67 109
68 99
68 75
69 96
69 103
69 97
69 100
70 71
71 90
72 73
74 75
75 98
76 77
77 130
78 79
80 81
82 83
83 102
84 85
85 92
86 87
87 97
88 89
89 95
89 90
101 102
105 108
105 107
106 114
107 116
109 124
110 113
110 112
111 119
112 122
114 115
115 128
116 117
117 128
118 119
118 120
120 129
121 122
121 123
123 129
126 128
127 129
128 130
129 130
