0 1
1 124
2 3
3 151
4 5
5 148
6 7
6 8
6 9
6 10
6 11
6 12
6 13
6 14
6 15
6 16
7 128
7 129
7 130
7 23
8 137
9 35
9 28
9 98
10 17
10 98
11 17
11 27
11 100
12 28
12 18
12 104
12 132
13 116
13 146
14 17
14 27
14 131
15 35
15 28
15 18
15 134
16 96
16 124
17 18
17 19
17 20
17 21
17 22
17 23
17 24
17 25
17 26
18 128
18 133
18 130
19 79
20 44
20 33
20 49
21 29
21 76
21 106
21 51
22 29
22 76
22 51
22 146
23 27
23 127
24 27
24 35
24 43
24 144
25 41
25 145
26 27
26 35
26 43
26 143
27 28
27 29
27 30
27 31
27 32
27 33
27 34
28 129
28 133
28 130
29 79
30 44
30 138
30 70
30 49
30 60
31 41
31 65
31 154
32 41
32 62
32 112
33 35
33 50
34 35
34 145
35 36
35 37
35 38
35 39
35 40
36 131
36 130
36 132
37 51
38 139
38 138
38 140
38 64
38 47
38 71
38 67
38 48
39 59
39 110
40 43
40 110
41 42
41 43
41 44
41 45
41 46
41 47
41 48
41 49
41 50
41 51
42 125
42 134
42 132
43 139
43 67
43 60
44 154
45 56
45 108
46 73
46 118
47 144
48 145
49 143
50 142
50 70
50 71
51 79
52 53
53 135
53 136
54 55
54 56
55 85
57 58
57 59
57 60
58 87
60 143
61 62
61 63
61 64
63 89
64 144
65 66
65 67
66 91
67 155
67 146
68 69
68 70
68 71
69 93
72 73
72 74
74 95
75 76
75 77
75 78
75 79
77 149
78 148
78 120
79 135
79 136
80 81
80 82
80 83
81 126
81 134
82 152
83 151
83 122
84 85
86 87
88 89
90 91
92 93
94 95
97 98
98 124
98 128
99 100
100 124
100 129
100 133
101 102
102 131
102 127
103 104
104 134
104 153
105 106
106 124
106 135
107 108
108 139
108 138
108 146
109 110
110 143
111 112
112 144
113 114
114 140
114 155
115 116
116 142
117 118
118 145
119 120
120 124
120 149
121 122
122 124
122 152
123 124
123 125
123 126
123 127
125 153
126 153
127 130
136 146
137 141
137 155
140 141
140 154
141 142
141 143
141 144
141 145
141 146
147 148
147 149
150 151
150 152
