0 1
1 142
2 3
3 145
4 5
5 143
6 7
6 8
6 9
7 126
8 145
8 163
9 156
9 138
9 135
9 136
9 132
9 137
10 11
10 12
10 13
10 14
11 127
12 40
12 144
12 25
12 51
12 45
13 142
13 161
14 21
14 29
14 50
14 174
15 16
15 17
15 18
15 19
15 20
16 43
16 150
17 51
17 99
18 154
18 95
19 21
19 27
19 91
20 27
20 36
20 48
20 91
21 22
21 23
21 24
21 25
21 26
22 128
23 144
23 41
23 31
23 51
24 48
24 154
24 95
25 29
25 143
25 173
26 170
26 129
27 28
27 29
27 30
27 31
27 32
27 33
27 34
27 35
28 129
29 148
29 43
29 45
30 154
30 95
31 143
31 173
32 180
32 130
33 154
33 40
33 144
33 99
34 180
34 130
35 36
35 46
35 128
36 37
36 38
36 39
36 40
36 41
36 42
36 43
36 44
36 45
37 129
37 130
38 50
38 51
38 147
39 46
39 154
39 95
40 46
41 46
41 143
41 172
42 181
42 131
43 154
43 97
44 181
44 131
45 143
45 146
46 47
46 48
46 49
46 50
46 51
46 52
47 129
47 130
47 131
48 146
48 147
48 97
49 159
49 182
52 159
52 182
53 54
53 55
54 132
55 169
55 135
56 57
56 58
56 59
56 60
57 133
57 134
57 135
58 177
58 136
59 177
59 136
60 61
60 65
60 132
61 62
61 63
61 64
62 135
62 136
63 178
63 137
64 178
64 137
65 66
65 67
65 68
66 135
66 136
66 137
67 156
67 179
68 156
68 179
69 70
69 71
70 138
71 157
71 139
72 73
72 74
72 75
72 76
73 139
74 175
74 140
75 175
75 140
76 77
76 81
76 138
77 78
77 79
77 80
78 139
78 140
79 141
79 176
80 141
80 176
81 82
81 83
82 141
82 139
82 140
83 149
84 85
85 164
86 87
87 153
87 160
88 89
89 152
89 162
90 91
91 154
92 93
93 143
93 149
93 138
94 95
96 97
98 99
100 101
101 143
101 157
101 138
102 103
103 143
103 175
103 138
104 105
105 143
105 176
105 138
106 107
107 143
107 169
107 132
108 109
109 143
109 177
109 132
110 111
111 143
111 178
111 132
112 113
113 143
113 179
113 132
114 115
115 134
115 167
116 117
117 133
117 168
118 119
119 143
119 170
119 128
120 121
121 143
121 180
121 128
122 123
123 143
123 181
123 128
124 125
125 143
125 182
125 128
126 155
126 163
127 151
127 161
128 158
129 158
130 158
131 158
132 158
133 165
134 171
142 151
143 152
143 153
143 154
143 148
143 150
145 155
146 165
147 173
147 171
148 172
150 174
158 159
160 161
162 163
164 165
165 166
165 174
166 167
166 168
167 171
168 172
171 174
