0 1
1 32
2 3
2 4
2 5
2 6
2 7
3 43
3 99
3 62
4 65
4 68
4 30
4 146
5 29
5 141
6 47
6 67
6 65
6 181
7 65
7 68
7 46
8 9
8 10
8 11
8 12
9 98
9 105
9 106
9 107
10 104
10 55
10 23
10 170
11 67
11 172
12 48
12 70
12 181
13 14
13 15
13 16
13 17
14 98
15 18
15 64
15 108
16 64
16 101
16 181
17 104
17 65
17 173
18 19
18 20
18 21
19 48
19 42
19 165
20 65
20 70
21 67
21 100
21 173
22 23
22 24
22 25
22 26
22 27
22 28
23 34
23 35
23 36
23 38
23 39
23 40
24 61
24 133
25 65
25 68
25 63
25 141
26 129
26 175
27 167
27 177
28 174
28 160
29 30
29 31
29 32
29 33
29 34
29 35
29 36
29 37
29 38
29 39
29 40
30 130
30 131
30 132
30 133
31 48
31 42
31 168
32 65
32 68
32 152
33 54
33 65
33 170
34 124
34 171
35 127
35 179
36 136
36 176
37 65
37 68
37 59
38 138
38 180
39 139
39 182
40 140
40 184
41 42
41 43
41 44
41 45
41 46
42 56
42 121
42 50
42 58
42 62
42 108
42 109
42 63
42 122
42 66
42 52
42 123
42 124
42 125
42 110
42 126
42 127
42 111
42 59
42 128
42 129
43 47
43 68
43 165
44 48
44 65
44 166
45 47
45 65
45 169
46 47
46 182
47 48
47 49
47 50
47 51
47 52
47 53
48 56
48 98
48 57
48 58
48 62
48 108
48 109
48 105
48 106
48 69
48 63
48 107
48 110
48 111
48 59
49 67
49 164
50 64
50 166
51 67
51 65
51 171
52 102
52 176
53 103
53 179
54 55
54 56
54 57
54 58
54 59
55 134
55 135
55 122
55 130
55 123
55 124
55 127
55 136
55 137
55 138
55 132
55 139
55 140
55 141
55 142
55 143
56 60
56 146
57 99
57 167
58 61
58 152
59 183
60 61
60 62
60 63
61 121
61 134
61 135
61 122
61 130
61 123
61 124
61 119
61 127
61 136
61 138
61 144
61 139
61 140
62 142
63 149
64 65
64 66
65 112
65 113
65 99
65 114
65 115
65 116
65 117
65 103
66 164
66 175
67 68
67 69
67 70
67 71
68 112
68 113
68 99
68 114
68 118
68 115
68 119
68 117
68 120
68 103
69 101
71 106
71 125
72 73
73 145
74 75
75 147
76 77
77 149
78 79
79 150
80 81
81 151
82 83
83 153
84 85
85 154
86 87
87 155
88 89
89 156
90 91
91 157
92 93
93 159
94 95
95 161
96 97
97 162
98 164
100 101
102 103
104 105
104 106
104 107
105 171
107 179
108 169
109 143
110 150
110 119
111 172
111 182
112 163
113 129
114 168
114 174
115 142
115 178
116 165
116 180
117 133
117 143
117 158
118 169
118 176
119 170
120 166
120 184
121 163
122 174
123 178
124 153
125 180
126 177
126 158
127 162
128 181
128 184
130 177
131 178
131 160
132 163
132 148
134 167
135 168
136 155
137 175
137 183
138 156
139 154
140 161
144 183
144 148
145 146
147 148
151 152
157 158
159 160
172 173
