0 1
1 137
2 3
3 130
4 5
5 135
6 7
6 8
6 9
7 131
8 130
8 133
9 159
9 156
9 157
9 153
9 158
9 161
10 11
10 12
10 13
10 14
11 138
12 26
12 165
12 43
12 53
12 46
13 137
13 140
14 21
14 30
14 185
14 52
15 16
15 17
15 18
15 19
15 20
16 169
16 45
16 170
17 171
17 120
18 53
18 124
19 21
19 28
19 94
20 28
20 37
20 49
20 94
21 22
21 23
21 24
21 25
21 26
21 27
22 151
23 42
23 33
23 165
23 53
24 49
24 171
24 120
25 174
25 149
26 30
26 135
26 186
27 174
27 149
28 29
28 30
28 31
28 32
28 33
28 34
28 35
28 36
29 149
30 166
30 45
30 46
31 171
31 120
32 175
32 150
33 135
33 186
34 175
34 150
35 171
35 165
35 43
35 124
36 37
36 47
36 151
37 38
37 39
37 40
37 41
37 42
37 43
37 44
37 45
37 46
38 149
38 150
39 52
39 167
39 53
40 47
40 171
40 120
41 176
41 152
42 47
42 135
42 173
43 47
44 176
44 152
45 171
45 122
46 135
46 168
47 48
47 49
47 50
47 51
47 52
47 53
48 149
48 150
48 152
49 167
49 168
49 122
50 148
50 177
51 148
51 177
54 55
54 56
54 57
55 153
56 178
56 156
57 178
57 156
58 59
58 60
58 61
58 62
59 154
59 155
59 156
60 179
60 157
61 179
61 157
62 63
62 67
62 153
63 64
63 65
63 66
64 156
64 157
65 180
65 158
66 180
66 158
67 68
67 69
67 70
68 156
68 157
68 158
69 159
69 181
70 159
70 181
71 72
71 73
71 74
72 161
73 182
73 162
74 182
74 162
75 76
75 77
75 78
75 79
76 162
77 183
77 163
78 183
78 163
79 80
79 84
79 161
80 81
80 82
80 83
81 162
81 163
82 160
82 184
83 160
83 184
84 85
84 86
85 164
86 160
86 162
86 163
87 88
88 142
89 90
90 132
90 134
91 92
92 139
92 141
93 94
94 171
95 96
96 135
96 174
96 151
97 98
98 135
98 175
98 151
99 100
100 135
100 176
100 151
101 102
102 135
102 177
102 151
103 104
104 135
104 178
104 153
105 106
106 135
106 179
106 153
107 108
108 135
108 180
108 153
109 110
110 135
110 181
110 153
111 112
112 135
112 182
112 161
113 114
114 135
114 183
114 161
115 116
116 135
116 184
116 161
117 118
118 164
118 135
118 161
119 120
121 122
123 124
125 126
126 145
126 154
127 128
128 146
128 155
129 130
129 131
131 133
132 133
134 135
135 141
135 171
135 166
135 169
135 170
136 137
136 138
138 140
139 140
142 143
143 144
143 154
143 155
143 185
143 168
144 145
144 146
145 172
146 173
147 148
147 149
147 150
147 151
147 152
147 153
154 172
155 173
166 173
167 186
167 172
169 173
170 185
172 185
