0 1
0 2
0 3
0 4
0 5
0 6
0 7
0 8
0 9
0 10
0 11
0 12
0 13
0 14
1 68
2 173
2 169
3 208
4 213
5 218
6 223
7 66
7 137
8 182
8 183
8 181
8 194
8 90
8 174
9 47
9 258
10 65
10 171
10 172
11 67
11 212
11 210
12 88
12 217
12 215
13 110
13 222
13 220
14 131
14 227
14 225
15 16
16 255
16 149
17 18
18 249
19 20
20 246
21 22
22 254
22 261
23 24
24 253
24 261
25 26
26 243
27 28
28 240
29 30
30 252
30 260
31 32
32 257
32 260
33 34
34 237
35 36
36 234
37 38
38 256
38 259
39 40
40 59
40 259
41 42
42 231
43 44
44 229
45 46
46 208
46 258
48 49
48 50
48 51
48 52
48 53
49 174
50 59
51 56
51 175
51 151
52 173
52 151
53 54
53 60
53 65
53 250
53 256
53 233
53 236
53 257
54 55
54 56
54 57
54 58
54 59
55 170
56 173
56 174
57 211
58 168
58 135
59 209
60 61
60 62
60 63
60 64
61 172
62 209
62 210
63 171
63 161
64 65
64 173
64 174
64 169
65 66
65 67
65 68
67 208
68 137
69 70
69 71
69 72
69 73
69 74
70 185
71 80
72 77
72 186
72 153
73 184
73 153
74 75
74 81
74 86
74 250
75 76
75 77
75 78
75 79
75 80
76 178
77 184
77 185
78 216
79 176
79 139
80 257
80 214
81 82
81 83
81 84
81 85
82 180
83 214
83 215
84 179
84 163
85 86
85 184
85 185
85 177
86 87
86 88
86 89
86 90
87 181
88 213
89 182
89 141
90 179
90 180
91 92
91 93
91 94
91 95
91 96
92 197
93 102
94 99
94 198
94 155
95 196
95 155
96 97
96 103
96 108
96 251
97 98
97 99
97 100
97 101
97 102
98 189
99 196
99 197
100 221
101 187
101 143
102 253
102 219
103 104
103 105
103 106
103 107
104 191
105 219
105 220
106 190
106 165
107 108
107 196
107 197
107 188
108 109
108 110
108 111
108 112
109 192
110 218
111 193
111 145
112 190
112 191
112 194
113 114
113 115
113 116
114 121
115 118
115 157
115 128
116 204
116 157
117 118
117 119
117 120
117 121
118 204
118 205
119 226
120 159
120 128
121 255
121 224
122 123
122 124
122 125
122 126
122 127
122 128
123 200
124 204
125 224
125 225
126 199
126 167
127 207
127 205
128 207
129 130
129 131
129 132
129 133
130 201
131 223
132 202
132 147
133 199
133 207
133 200
133 203
133 204
134 135
135 170
136 137
138 139
139 178
140 141
141 181
142 143
143 189
144 145
145 192
146 147
147 201
148 149
149 268
150 151
152 153
154 155
156 157
158 159
159 206
160 161
161 172
162 163
163 180
164 165
165 191
166 167
167 200
168 169
169 175
169 170
176 177
177 183
177 186
177 178
183 184
185 194
187 188
188 195
188 198
188 189
192 194
193 194
194 195
194 203
195 196
197 203
201 203
202 203
205 206
209 212
209 211
210 228
211 230
213 256
214 217
214 216
215 233
216 236
218 252
219 222
219 221
220 239
221 242
223 254
224 227
224 226
225 245
226 248
228 229
229 262
230 231
231 262
232 233
232 234
234 263
235 236
235 237
237 263
238 239
238 240
239 250
240 264
241 242
241 243
242 250
243 264
244 245
244 246
245 251
246 265
247 248
247 249
248 251
249 265
250 251
250 252
250 253
251 254
251 255
258 262
259 263
260 264
261 265
262 266
263 266
264 267
265 268
266 267
267 268
