0 1
1 130
2 3
3 131
4 5
5 132
6 7
6 8
6 9
6 10
7 133
7 134
7 135
8 136
8 9
9 162
10 11
10 15
10 141
11 12
11 13
11 14
12 134
12 135
13 133
13 14
13 161
14 169
15 16
15 17
15 18
16 135
17 18
17 202
17 134
18 171
19 20
19 21
19 22
20 141
21 22
21 203
21 135
22 178
23 24
23 25
23 26
23 27
24 144
24 145
24 146
25 164
25 26
25 165
26 181
27 28
27 32
27 153
28 29
28 30
28 31
29 145
29 146
30 31
30 204
30 144
31 183
32 33
32 34
32 35
33 151
33 152
33 146
34 35
34 205
34 145
35 185
36 37
36 38
36 39
37 153
38 39
38 206
38 146
39 187
40 41
40 42
40 43
40 44
40 45
40 46
40 47
40 48
40 49
40 50
41 154
41 137
41 138
42 71
42 54
42 155
42 139
42 101
43 51
43 157
43 99
44 51
44 78
44 65
45 51
45 70
45 130
45 198
46 53
46 73
47 53
47 70
47 78
47 82
48 167
48 49
48 179
49 189
50 51
50 59
50 142
51 52
51 53
51 54
51 55
51 56
51 57
51 58
52 137
52 138
53 139
54 59
54 80
54 95
55 61
55 81
55 157
55 101
56 57
56 207
56 154
57 191
58 61
58 78
58 130
58 155
59 60
59 61
59 62
59 63
59 64
59 65
59 66
59 67
60 138
61 72
61 140
61 73
62 157
62 99
63 68
63 80
63 95
64 70
64 130
64 200
65 157
65 143
65 97
66 67
66 208
66 137
67 193
68 69
68 70
68 71
68 72
68 73
68 74
68 75
69 142
70 143
71 157
71 99
72 78
72 130
72 200
73 76
73 201
74 75
74 209
74 138
75 195
76 77
76 78
76 79
77 147
78 143
79 132
79 197
80 81
80 82
80 83
81 149
81 150
82 97
83 157
83 99
84 85
84 86
84 87
85 148
86 131
86 196
87 164
87 141
87 144
87 145
87 146
87 153
88 89
89 172
90 91
91 158
91 196
92 93
93 156
93 197
94 95
95 157
96 97
98 99
100 101
102 103
103 130
103 163
103 141
104 105
105 130
105 168
105 141
106 107
107 130
107 170
107 141
108 109
109 130
109 177
109 141
110 111
111 151
111 175
112 113
113 152
113 176
114 115
115 130
115 180
115 153
116 117
117 130
117 182
117 153
118 119
119 130
119 184
119 153
120 121
121 130
121 186
121 153
122 123
123 130
123 188
123 142
124 125
125 130
125 190
125 142
126 127
127 130
127 192
127 142
128 129
129 130
129 194
129 142
130 156
130 157
130 158
130 149
130 140
130 150
131 159
132 160
133 161
134 202
135 203
136 162
137 166
137 208
138 166
138 209
139 200
139 199
140 198
142 166
144 204
145 205
146 206
147 160
147 197
148 159
148 196
149 198
150 201
151 198
151 173
152 173
152 199
153 166
154 166
154 207
155 173
161 169
162 163
164 165
165 181
166 167
167 179
168 169
170 171
171 202
172 173
173 174
173 201
174 175
174 176
175 198
176 199
177 178
178 203
179 189
180 181
182 183
183 204
184 185
185 205
186 187
187 206
188 189
190 191
191 207
192 193
193 208
194 195
195 209
199 201
