0 1
0 2
0 3
0 4
1 2
1 87
1 88
1 89
1 90
2 100
2 30
2 89
2 4
3 167
3 209
3 31
3 4
5 6
5 7
5 8
5 9
6 8
6 136
6 137
7 136
7 146
7 124
8 25
8 147
8 9
9 123
10 11
10 12
10 13
10 14
11 40
11 58
12 60
12 102
13 60
13 14
14 131
15 16
15 17
15 18
15 19
16 163
16 70
16 19
17 20
17 139
17 18
17 23
17 72
18 139
18 172
19 98
19 99
20 21
20 22
20 23
21 71
21 22
21 172
21 23
21 72
22 68
22 33
23 138
24 25
24 26
24 27
24 28
25 43
25 28
25 105
26 108
26 133
26 171
26 187
26 181
26 27
27 28
28 137
29 30
29 31
30 73
30 86
30 80
31 73
31 166
31 167
32 33
32 34
33 34
34 143
34 144
34 181
35 36
36 46
36 47
36 135
37 38
38 45
38 46
38 47
39 40
40 200
40 160
41 42
41 43
41 44
42 146
43 149
43 137
44 126
44 127
45 57
45 46
46 134
47 54
47 127
48 49
48 50
48 51
49 78
49 80
49 170
50 75
50 211
50 212
50 74
51 222
52 53
52 54
52 55
52 56
53 57
53 75
53 76
55 121
55 84
55 124
56 83
56 92
56 84
56 76
57 74
58 60
58 62
59 60
59 61
59 62
59 63
59 64
59 65
60 131
61 145
61 62
61 63
62 145
63 114
64 174
64 175
64 189
64 65
64 177
66 67
66 68
67 111
67 112
67 113
67 114
67 115
68 164
68 71
69 70
69 71
69 72
70 96
70 163
74 212
74 77
75 77
76 83
76 91
76 178
77 212
78 79
78 80
78 81
78 82
79 86
79 82
80 94
80 82
81 170
82 170
83 84
83 85
84 85
85 107
85 122
86 87
87 89
88 116
88 101
88 125
89 90
90 161
90 125
90 222
90 223
91 92
91 93
91 94
92 120
92 110
93 148
94 170
95 96
95 97
95 98
95 99
100 101
101 117
101 162
102 159
102 160
103 104
103 105
103 106
104 150
104 106
105 106
106 149
107 108
107 109
107 110
108 129
108 132
108 133
108 130
109 147
109 173
110 140
110 182
110 183
111 132
111 140
111 113
112 145
112 114
115 164
116 117
116 118
117 119
118 125
119 213
120 151
120 154
121 122
121 123
121 124
122 123
123 147
123 124
125 161
126 127
126 128
127 188
127 128
128 135
128 142
129 130
130 140
130 201
131 185
132 140
132 143
132 144
133 171
135 141
135 188
138 139
141 142
142 179
142 191
143 171
147 187
147 173
148 151
148 152
148 153
149 150
150 179
150 180
151 152
151 155
151 156
152 157
152 158
153 165
153 166
153 167
153 168
154 176
154 156
154 201
155 197
155 198
155 185
155 199
156 176
157 165
158 199
159 169
159 160
160 200
162 210
165 167
169 202
170 178
171 181
174 175
174 176
174 177
175 176
175 189
176 189
176 204
176 186
176 205
177 219
177 201
179 190
179 180
179 191
182 201
183 201
184 185
184 186
185 204
192 193
192 194
193 195
194 195
194 208
195 196
196 197
196 203
196 202
197 198
197 199
198 202
198 206
199 206
200 203
201 219
201 220
201 205
205 219
205 221
206 207
207 208
209 210
210 213
210 214
211 218
213 215
214 216
215 216
216 217
218 222
220 221
222 223
