0 1
0 2
0 3
0 4
1 2
1 3
2 4
2 232
2 233
2 234
3 18
4 234
5 6
5 7
5 8
5 9
6 8
7 9
8 243
8 27
8 251
8 9
10 11
10 12
10 13
10 14
10 15
10 16
11 14
11 33
11 34
12 14
12 38
12 39
13 15
13 40
13 41
14 16
15 46
15 16
16 46
17 18
17 19
17 20
17 21
18 235
18 21
18 227
19 318
19 20
20 21
21 233
21 244
21 318
22 23
22 24
22 25
23 88
23 119
23 120
24 321
24 119
24 328
24 227
25 328
25 363
25 364
26 27
26 28
27 203
28 250
29 30
29 31
29 32
30 71
31 160
31 161
31 162
32 394
33 79
33 225
33 34
33 38
34 225
34 328
35 36
35 37
36 86
36 103
36 104
36 105
36 106
37 116
38 73
38 39
39 91
40 133
40 134
40 41
40 142
40 201
42 43
42 44
42 45
43 72
43 71
43 45
44 190
44 239
44 71
44 45
45 72
46 67
46 198
47 48
47 49
48 70
49 90
49 91
50 51
50 52
51 185
51 273
51 186
51 147
51 148
51 187
52 306
52 335
52 346
53 54
53 55
54 80
55 175
55 181
55 182
56 57
56 58
57 93
58 302
58 373
59 60
59 61
59 62
59 63
60 75
60 215
60 142
61 230
61 253
62 142
62 297
62 201
63 303
64 65
64 66
65 107
65 108
65 109
65 110
65 111
66 107
66 157
66 158
67 68
67 69
68 92
69 188
70 73
71 246
73 77
73 79
74 75
74 76
76 152
76 93
76 307
76 368
76 153
77 78
78 256
78 257
78 258
79 225
79 226
79 227
80 237
80 307
80 123
80 101
80 153
81 82
81 83
81 84
81 85
82 84
82 97
82 98
83 96
83 84
84 274
84 330
84 85
85 338
86 87
86 88
86 89
87 103
87 127
87 120
88 104
88 155
89 120
89 106
90 117
90 159
91 269
91 223
92 93
92 94
93 141
93 152
93 94
94 152
95 96
95 97
95 98
95 99
96 98
97 125
97 362
97 98
97 99
99 125
99 362
100 101
100 102
101 123
102 228
102 390
103 126
103 127
103 128
104 155
104 156
105 155
105 156
107 157
107 158
108 192
108 193
108 194
109 195
109 196
109 197
109 110
110 313
110 314
110 111
112 113
112 114
112 115
112 116
113 125
115 344
116 154
116 367
117 118
118 224
118 317
121 122
121 123
121 124
122 199
122 200
123 124
124 237
125 362
125 156
126 205
126 206
126 207
127 205
127 206
127 208
128 204
128 205
129 130
129 131
129 132
130 146
130 247
130 254
130 131
130 147
132 305
132 331
133 134
133 135
133 136
133 137
134 201
134 137
135 159
135 137
136 269
136 137
138 139
138 140
139 163
140 170
141 142
143 144
143 145
144 150
144 173
145 302
145 373
146 147
146 148
146 149
147 271
147 148
147 149
148 185
149 285
149 260
150 151
151 302
151 373
152 153
154 155
154 156
155 333
155 367
155 170
155 171
157 214
157 252
157 213
158 252
160 161
160 387
161 162
162 393
163 372
163 337
163 374
163 370
164 165
164 166
164 167
164 168
164 169
164 170
164 171
165 172
165 171
166 168
166 170
166 172
167 177
167 178
167 179
168 173
168 169
169 173
170 365
171 333
171 172
171 328
171 364
172 333
174 175
174 176
175 236
175 181
175 183
175 240
175 241
176 292
177 184
177 179
178 188
178 198
178 179
179 184
180 181
180 182
180 183
181 202
182 322
182 183
182 327
183 327
184 188
185 186
185 187
187 281
187 299
189 190
189 191
190 245
190 246
191 384
191 211
191 391
191 246
192 286
192 261
192 287
192 288
192 289
193 286
194 316
195 197
196 197
196 345
196 315
197 212
197 213
199 209
199 210
199 211
200 352
202 203
203 243
204 205
206 208
206 207
207 208
209 351
210 211
211 391
212 213
213 214
213 353
213 354
213 261
213 355
215 216
216 230
216 231
217 218
217 219
217 220
217 221
218 266
219 325
219 326
219 320
220 339
220 343
221 339
222 223
222 224
224 312
224 304
225 328
226 227
227 321
227 258
228 229
229 358
230 311
231 253
231 389
231 311
231 349
232 235
233 242
233 234
233 244
234 242
236 237
236 238
237 238
238 384
238 385
239 261
240 296
240 292
241 243
245 341
246 393
247 248
247 249
247 250
247 251
248 254
248 259
248 262
249 263
249 264
251 262
252 316
253 347
253 311
254 255
255 259
256 388
256 258
257 392
257 258
259 260
261 341
261 355
261 342
261 310
263 301
264 306
264 334
264 335
264 301
264 336
265 266
265 267
265 268
266 320
267 360
267 317
268 326
268 360
268 352
270 271
270 272
271 280
271 282
271 283
272 284
272 282
273 274
273 275
274 332
275 332
275 359
276 277
276 278
276 279
277 334
277 323
277 369
277 324
277 336
278 302
278 376
279 368
280 281
282 285
284 285
287 290
287 291
289 290
289 291
290 291
290 292
290 293
291 293
292 294
292 295
292 296
294 295
294 296
295 309
295 310
296 361
297 298
298 303
298 312
299 300
300 330
303 304
304 360
304 317
305 306
306 331
308 309
308 310
310 342
311 347
311 357
313 314
313 315
315 381
318 319
320 326
320 360
322 323
322 324
323 327
323 324
324 334
325 340
328 363
328 364
329 330
332 337
335 370
335 371
337 346
337 338
337 375
338 375
341 342
342 355
343 378
343 395
345 380
345 381
346 370
346 359
347 348
347 349
347 350
348 352
349 394
349 396
350 395
350 396
351 382
351 383
356 357
356 358
358 360
361 384
365 366
366 374
370 377
370 371
372 373
373 376
376 377
378 379
379 395
379 396
380 381
382 389
382 394
382 383
383 387
384 386
384 385
388 392
389 390
