0 1
1 9
1 22
2 3
3 5
3 24
3 20
4 5
5 7
5 48
6 7
7 11
7 58
8 9
9 14
9 13
10 11
11 79
11 92
12 13
13 16
13 73
15 16
16 18
16 122
17 18
18 173
18 20
18 172
18 171
18 25
19 20
20 25
21 22
21 23
22 73
22 74
23 74
23 165
23 145
24 25
24 26
24 27
24 48
25 174
26 27
26 52
26 32
26 48
27 31
27 174
28 29
28 30
28 35
28 189
29 36
29 50
29 61
30 37
30 38
30 50
31 32
31 33
31 177
32 49
32 34
33 34
33 35
33 178
34 36
35 36
35 188
36 53
36 54
37 175
37 189
37 190
38 42
38 39
38 190
39 40
39 41
39 57
40 154
40 190
40 186
41 43
41 44
41 186
42 50
42 56
42 57
43 44
43 55
43 57
43 70
44 45
45 46
45 47
45 161
46 70
46 72
48 58
49 52
49 60
49 53
50 51
51 63
51 64
51 56
52 58
52 59
53 62
53 54
54 68
54 61
55 69
55 70
55 66
56 65
56 66
57 66
58 79
59 79
59 81
59 60
60 62
61 64
61 82
62 80
62 68
63 83
63 67
63 65
64 67
65 85
65 86
66 86
67 82
68 82
68 98
69 87
69 86
69 71
70 71
71 88
71 89
72 88
72 90
72 91
73 122
73 75
74 75
74 76
75 123
75 77
76 77
76 78
76 145
77 124
77 117
78 114
78 117
78 147
79 95
80 97
80 98
81 95
81 99
82 84
83 102
83 84
84 101
84 98
85 103
85 104
86 104
87 108
87 104
87 106
88 89
89 106
89 109
92 93
92 94
92 95
95 96
98 100
104 105
106 107
110 111
110 112
110 119
111 129
111 126
112 163
112 126
112 169
112 170
113 114
113 115
113 118
114 116
114 148
115 140
115 151
115 152
116 120
117 125
118 119
118 152
119 121
120 130
121 131
121 133
122 123
122 171
123 138
123 124
124 139
124 125
125 130
125 136
126 127
126 128
127 129
127 137
127 161
127 162
129 132
130 135
130 156
131 132
131 134
132 137
133 134
133 135
134 137
135 153
136 156
136 139
136 160
137 153
137 182
138 144
138 139
138 171
139 159
140 141
140 142
142 143
142 148
144 172
144 177
144 159
145 146
145 147
147 150
147 148
148 149
152 168
152 166
153 154
153 157
154 176
154 184
154 182
155 156
155 157
155 175
156 158
157 176
158 160
158 175
158 179
159 178
159 160
160 179
161 180
161 185
163 164
163 166
166 167
171 172
172 174
174 177
175 176
176 190
177 178
178 188
179 188
179 189
180 181
180 182
181 183
181 187
182 183
183 184
183 186
184 186
186 187
187 191
