0 1
0 2
0 14
0 237
1 12
1 13
1 18
2 234
2 13
2 236
3 4
3 5
3 26
3 244
4 10
4 11
4 231
5 225
5 231
6 7
6 235
6 241
7 17
7 239
8 9
8 24
8 25
9 228
9 245
10 14
10 15
10 237
11 15
11 26
12 16
12 13
12 23
12 243
13 232
14 19
14 37
15 37
16 33
16 18
16 35
17 26
17 244
18 19
19 30
20 21
20 22
20 61
21 52
21 64
21 44
22 44
22 45
23 24
23 25
23 33
24 34
24 27
25 245
25 247
27 28
27 29
29 50
29 60
30 35
30 36
31 32
31 71
31 93
31 66
32 51
32 52
32 139
33 34
33 47
34 46
35 38
35 39
36 37
36 39
38 47
38 48
39 48
40 41
40 42
40 43
40 56
41 242
41 85
41 77
42 85
42 121
42 57
43 77
43 78
43 58
44 68
44 75
45 55
45 75
46 47
46 53
47 49
48 49
49 54
50 53
50 73
51 71
51 81
51 62
52 61
52 62
53 198
55 59
55 63
56 57
56 58
56 65
57 174
57 66
58 65
58 76
59 75
59 83
59 84
61 139
62 64
62 102
63 69
63 84
64 68
64 104
65 66
65 67
65 71
66 94
67 76
67 97
67 72
68 88
68 105
69 70
69 84
70 73
70 74
71 72
72 81
72 129
73 91
74 82
75 89
76 78
76 96
77 79
77 80
78 80
78 98
80 99
80 100
81 101
81 102
82 95
83 89
83 90
84 90
85 86
85 87
88 89
88 106
90 92
90 91
91 110
92 112
92 114
92 106
93 94
93 139
94 160
95 109
95 120
96 97
96 98
96 133
97 129
97 133
97 154
98 100
100 136
101 129
101 130
101 103
102 103
102 104
103 117
103 128
104 105
104 115
105 106
105 108
106 107
107 124
107 116
108 115
108 116
109 110
109 111
110 112
111 118
111 113
111 119
112 113
113 114
113 141
114 123
115 117
116 117
116 127
117 145
118 119
118 120
119 131
119 122
120 122
120 134
122 144
123 124
123 125
124 126
125 140
125 141
126 140
126 127
126 181
127 152
128 146
128 145
129 132
130 132
130 146
130 176
131 141
131 143
131 153
132 161
132 163
133 157
134 135
134 150
135 137
135 138
137 150
137 165
137 167
138 147
138 148
140 149
140 142
141 142
142 153
142 183
143 153
143 168
144 150
144 169
145 152
146 152
146 187
147 159
147 148
148 159
148 192
149 181
149 182
149 183
150 151
151 175
151 180
151 165
151 205
152 156
153 162
154 155
154 163
155 157
155 170
156 187
156 188
156 185
157 158
158 164
158 172
159 167
161 176
161 195
162 189
162 183
162 190
162 202
163 170
163 201
164 170
164 179
164 203
165 166
166 167
166 180
168 169
168 190
169 175
170 171
171 203
171 204
171 201
172 173
172 179
173 197
173 198
175 178
176 177
177 195
177 193
177 216
178 191
178 205
179 207
180 192
180 206
181 184
181 185
182 200
182 199
183 199
184 200
184 225
184 186
185 186
186 211
187 193
187 188
188 211
188 194
189 209
189 199
189 215
190 191
191 202
192 214
193 194
194 216
194 236
195 196
195 201
196 221
196 218
196 219
198 222
200 220
200 209
201 221
202 212
202 215
203 207
203 208
204 208
204 221
204 247
205 206
205 212
206 213
206 226
207 210
207 228
208 228
208 245
209 215
211 230
211 231
212 215
212 223
213 217
213 223
214 226
214 233
216 218
216 234
217 233
217 226
217 238
218 219
219 232
220 225
220 239
220 227
223 224
223 238
224 227
224 240
225 244
227 235
228 229
230 236
230 237
231 237
232 243
232 234
233 246
235 239
235 240
238 240
238 246
239 244
240 241
241 246
243 247
