0 1
1 90
1 229
1 240
2 3
3 252
3 229
4 5
5 256
5 239
5 268
5 269
6 7
7 244
7 258
8 9
8 10
10 402
10 244
10 356
11 12
11 13
11 41
11 26
12 25
12 61
12 42
13 449
13 23
14 15
14 16
14 453
15 24
15 53
15 80
16 53
16 460
16 456
17 18
17 27
17 38
18 52
18 56
18 57
18 30
19 20
19 21
19 31
19 462
20 400
20 386
21 68
21 89
21 79
22 23
22 24
22 443
22 453
23 39
24 95
25 26
25 455
26 439
27 28
27 52
27 435
28 34
28 35
29 30
29 64
29 458
29 455
30 38
31 33
31 68
31 461
32 33
32 451
32 461
33 40
34 43
34 66
35 454
35 421
36 37
36 48
36 466
37 109
37 97
37 135
38 448
39 58
39 41
39 95
40 68
40 77
41 42
42 71
42 70
43 59
43 60
44 45
44 46
44 47
44 62
45 409
45 462
45 463
46 63
48 49
48 50
49 54
49 69
50 51
50 54
52 66
52 56
53 54
53 55
55 102
55 69
56 67
57 85
57 65
58 72
58 71
59 73
59 74
61 64
61 70
61 82
62 63
62 462
63 79
64 65
65 84
66 67
66 74
67 103
67 91
68 75
69 135
70 76
70 83
71 76
72 118
72 127
72 128
74 86
74 103
75 77
75 89
75 99
76 94
76 113
77 78
77 97
78 417
78 418
78 98
79 104
79 105
80 81
80 102
81 110
81 112
82 83
82 84
83 96
84 96
85 87
85 88
86 141
86 142
87 91
87 92
87 93
88 122
88 126
89 124
89 119
90 424
90 239
91 122
94 114
95 110
96 113
97 98
97 99
98 445
98 466
99 119
99 109
100 101
100 239
100 210
101 280
101 115
102 111
102 137
104 123
104 151
106 107
106 108
106 132
106 246
108 234
108 235
109 140
109 156
110 118
111 120
111 121
112 144
112 120
113 125
113 126
114 129
114 130
115 116
115 117
118 144
119 143
119 156
120 131
122 139
123 124
123 138
124 143
124 161
125 133
125 134
126 145
127 160
128 159
128 186
128 187
129 134
129 166
130 160
130 162
130 182
131 137
131 149
132 188
133 145
133 146
134 150
135 136
135 140
136 153
136 177
137 153
138 161
138 151
138 163
139 147
139 158
139 142
140 155
140 169
142 179
142 180
143 157
143 189
144 149
145 147
147 148
148 158
148 171
148 150
149 159
150 172
151 152
152 163
152 164
153 154
154 165
154 159
155 156
155 174
156 157
157 174
158 176
159 173
160 181
161 168
161 189
162 167
162 185
163 175
163 168
165 184
165 177
166 167
166 172
167 192
168 196
168 197
169 170
169 178
170 200
170 174
171 203
171 198
172 198
173 184
173 199
173 207
175 190
175 197
176 203
176 212
177 178
178 191
178 184
179 194
179 195
180 231
180 232
181 182
181 183
182 185
183 213
183 187
185 193
187 207
188 205
189 196
191 199
191 200
192 198
192 218
193 218
193 213
194 214
194 215
195 201
195 202
196 204
197 204
199 219
200 217
203 208
204 216
205 206
205 233
207 223
207 224
208 212
208 225
209 210
209 211
209 280
210 374
212 227
213 220
213 221
215 222
218 225
225 226
228 229
228 230
228 237
229 238
233 236
233 265
234 237
234 275
235 246
235 371
236 241
236 255
237 238
238 267
238 252
239 240
240 256
240 271
241 242
241 243
242 257
242 263
243 249
243 308
244 245
245 258
245 250
246 247
246 248
249 250
249 262
250 251
251 264
251 262
252 274
253 254
253 255
253 308
255 259
256 272
256 295
257 260
257 261
258 264
258 290
260 276
260 270
261 270
261 265
262 263
263 273
263 276
264 273
264 303
265 266
265 279
266 275
266 285
267 312
267 330
270 286
271 272
271 277
272 278
272 317
273 283
273 319
274 292
274 277
274 297
275 294
276 283
277 278
278 297
278 321
279 284
279 288
280 281
280 282
283 300
284 285
284 289
285 287
286 293
286 288
287 299
287 315
288 289
289 298
289 310
290 291
290 303
292 340
292 341
293 306
293 298
294 299
294 312
295 296
295 301
296 313
296 314
297 307
298 322
299 316
300 305
300 306
301 302
301 317
302 332
302 358
303 304
303 319
304 323
304 324
305 331
305 337
306 336
307 329
307 335
307 379
307 389
308 309
308 356
310 311
310 315
311 322
311 325
311 326
312 318
315 316
316 318
316 334
317 321
317 332
318 330
319 320
319 324
320 338
320 324
320 362
321 329
322 327
324 328
325 327
325 333
326 333
326 334
327 336
328 348
328 349
328 338
329 335
330 339
331 362
331 363
332 342
332 343
333 353
333 355
334 339
334 351
334 377
335 342
336 337
337 346
337 347
338 359
338 360
339 351
340 352
340 344
340 389
342 350
343 372
343 350
344 345
345 352
345 365
346 360
346 416
346 403
347 354
347 355
350 379
350 409
351 361
352 368
353 369
353 370
354 366
354 367
355 367
355 383
356 357
358 372
359 387
359 388
360 376
360 362
361 364
361 365
364 381
364 382
365 368
365 382
366 385
366 398
367 380
367 391
368 378
370 375
370 377
372 373
373 409
373 410
373 411
375 383
375 377
376 388
376 403
378 384
378 408
379 386
379 390
380 399
380 413
381 383
381 419
381 394
382 394
382 395
383 399
384 392
384 393
384 417
385 397
385 391
386 409
386 462
388 396
389 390
389 393
390 400
390 401
391 412
392 405
392 406
393 401
394 430
395 407
395 408
396 414
396 415
396 421
397 398
397 404
398 416
399 428
400 446
400 418
401 417
401 418
403 421
404 423
404 412
404 420
405 425
405 408
405 440
406 417
406 431
407 430
407 425
412 413
413 420
413 432
416 422
418 451
419 426
419 427
420 457
421 435
422 423
422 433
423 447
425 453
426 432
426 439
426 442
427 442
427 443
428 429
428 432
430 443
431 444
431 445
432 436
433 434
433 438
434 438
434 448
435 438
436 437
436 439
437 455
437 439
440 441
440 444
441 450
441 456
442 449
443 449
444 452
444 450
445 452
446 461
446 451
447 448
447 458
450 459
452 459
452 466
453 456
454 464
454 465
455 457
457 458
459 460
460 466
