0 1
0 2
0 9
1 10
1 19
2 147
2 171
3 4
3 5
3 6
3 13
4 173
4 177
5 25
5 26
7 8
7 9
7 14
8 162
8 172
9 10
9 11
9 12
10 33
11 20
11 157
12 33
12 34
12 14
13 14
13 15
13 172
14 24
15 36
15 25
15 29
16 17
16 18
16 35
17 27
17 28
17 35
19 20
19 38
19 71
20 143
21 22
21 23
21 45
22 131
22 132
23 106
23 119
24 34
24 36
25 29
27 47
27 48
27 49
29 36
29 57
30 31
30 32
30 51
31 117
31 40
32 40
32 41
33 37
33 38
34 52
34 37
35 49
37 39
38 39
39 55
40 110
41 46
41 121
42 43
42 44
42 59
45 64
45 106
46 84
46 85
47 53
47 54
49 55
50 51
50 61
51 61
51 167
52 58
52 93
54 55
54 56
54 176
56 66
56 69
57 86
57 87
57 82
58 62
58 63
59 60
59 77
61 134
62 79
62 80
62 81
64 65
64 73
65 73
65 106
66 69
66 71
67 68
67 69
67 164
69 70
71 72
73 85
74 75
74 76
74 94
77 78
77 82
82 83
83 97
84 110
84 91
85 90
85 91
86 88
86 89
88 92
88 93
90 121
90 122
90 123
91 114
93 96
94 95
94 133
95 99
95 178
97 98
99 100
99 101
99 102
100 115
100 116
103 104
103 105
103 112
104 107
104 175
107 108
107 109
110 120
111 112
111 113
111 124
112 118
114 136
114 120
115 129
115 130
115 133
117 145
117 146
118 119
118 127
119 126
120 134
120 142
121 138
124 125
124 128
126 136
126 139
127 128
127 139
128 135
130 140
130 141
133 148
134 159
135 155
135 156
136 137
137 142
137 144
139 152
140 148
140 153
142 143
143 146
144 152
144 157
145 159
145 147
146 147
148 158
149 150
149 151
149 155
152 160
153 154
153 163
155 160
155 161
157 165
158 163
158 164
159 176
160 162
160 165
161 168
161 169
162 172
162 173
164 176
165 166
168 169
168 170
169 170
170 174
172 173
