0 1 1
0 2 1
0 3 1
0 4 1
0 5 1
1 0 1
2 0 1
2 184 1
2 280 1
3 0 1
3 178 1
4 0 1
4 9 2
4 184 1
4 292 1
4 5 1
5 0 1
5 184 1
5 276 1
5 292 1
5 61 1
5 59 1
5 149 1
5 4 1
6 7 2
6 8 1
6 9 1
6 10 1
7 6 2
7 49 1
7 56 1
7 67 1
7 70 1
7 15 1
7 82 1
8 6 1
8 83 1
9 6 1
9 13 1
9 62 1
9 83 1
9 90 1
9 14 1
9 117 1
9 118 4
9 119 1
9 120 1
9 121 2
9 122 3
9 123 2
9 124 1
9 125 4
9 126 1
9 127 3
9 128 1
9 16 1
9 129 1
9 130 1
9 131 1
9 132 1
9 133 1
9 134 1
9 135 1
9 136 1
9 61 1
9 137 1
9 138 1
9 139 1
9 140 1
9 141 1
9 142 1
9 143 4
9 144 1
9 145 1
9 146 1
9 147 1
9 148 1
9 149 2
9 150 1
9 151 1
9 152 1
9 153 1
9 154 1
9 155 2
9 4 2
9 156 1
9 157 1
9 158 1
9 38 1
9 159 1
9 160 1
9 161 1
9 162 1
9 85 1
9 40 1
9 163 1
9 73 1
9 164 1
9 165 1
9 166 1
9 167 1
9 168 1
9 169 2
9 170 1
9 171 2
9 172 1
9 173 1
9 174 1
9 175 1
9 176 3
9 177 2
9 178 1
9 179 1
9 31 1
9 180 1
10 6 1
10 51 1
10 91 1
10 93 1
10 184 1
11 12 1
12 11 1
12 13 1
12 25 1
12 184 1
12 260 1
13 14 1
13 15 1
13 9 1
13 16 1
13 12 1
13 17 2
14 13 1
14 9 1
15 13 1
15 18 1
15 24 1
15 32 1
15 46 1
15 51 1
15 58 1
15 60 1
15 62 2
15 65 1
15 33 1
15 25 1
15 7 1
15 82 1
16 13 1
16 9 1
16 184 1
16 134 1
17 13 2
17 24 1
17 25 1
17 184 1
17 260 1
17 338 1
18 15 1
18 19 1
18 20 1
18 21 1
18 22 1
18 23 1
19 18 1
19 90 1
19 199 1
20 18 1
20 295 1
20 313 1
20 172 2
21 18 1
21 51 1
21 56 1
21 194 1
21 184 1
21 269 1
22 18 1
22 24 1
22 56 1
22 25 1
22 194 1
22 184 1
22 269 1
22 339 1
23 18 1
23 24 1
23 56 1
23 25 1
23 194 1
23 184 1
23 269 1
23 229 1
24 25 2
24 15 1
24 26 1
24 27 1
24 28 1
24 17 1
24 22 1
24 23 1
24 29 1
25 24 2
25 15 1
25 26 1
25 38 1
25 12 1
25 17 1
25 22 1
25 23 1
25 42 1
26 24 1
26 25 1
26 131 1
26 294 1
26 55 1
26 284 1
26 298 1
26 216 1
26 171 1
26 178 1
27 24 1
27 56 1
27 184 1
27 43 1
28 24 1
28 184 1
28 126 1
29 24 1
29 184 1
29 341 1
30 31 1
31 30 1
31 70 1
31 9 1
31 184 1
31 294 1
31 298 1
31 167 2
31 347 1
31 247 1
32 33 2
32 15 1
32 34 1
32 35 1
32 36 2
32 37 3
32 38 1
32 39 1
32 40 1
32 41 1
32 42 1
32 43 2
32 44 1
32 45 1
33 32 2
33 15 1
33 34 1
33 36 2
33 69 1
33 37 2
33 38 1
33 39 1
33 42 1
33 43 1
33 44 1
34 32 1
34 56 1
34 33 1
34 194 1
34 184 1
34 279 1
35 32 1
36 32 2
36 67 1
36 33 2
36 310 1
36 311 1
36 312 2
36 313 1
36 37 1
36 38 1
36 164 1
37 32 3
37 67 1
37 33 2
37 36 1
37 327 1
37 311 3
37 69 1
37 328 1
37 312 1
37 178 1
38 32 1
38 56 1
38 33 1
38 25 1
38 9 1
38 185 1
38 184 1
38 36 1
38 310 1
39 32 1
39 33 1
39 71 1
39 184 1
39 260 1
40 32 1
40 9 1
40 184 1
40 260 1
41 32 1
41 184 1
42 32 1
42 33 1
42 25 1
42 71 1
42 184 1
42 260 1
43 32 2
43 33 1
43 184 1
43 199 1
43 27 1
43 346 1
43 57 1
44 32 1
44 51 1
44 33 1
44 106 1
44 184 1
45 32 1
45 56 1
45 184 1
45 55 1
45 270 1
46 15 1
46 47 1
46 48 1
47 46 1
48 46 1
48 56 2
48 184 1
48 143 1
48 299 1
49 7 1
49 50 2
50 49 2
50 266 1
50 143 1
50 303 1
51 15 1
51 52 2
51 53 1
51 21 1
51 10 1
51 44 1
52 51 2
52 143 1
52 300 1
52 157 2
52 160 2
52 241 1
53 51 1
53 143 1
53 300 1
54 55 1
55 54 1
55 269 1
55 200 1
55 143 1
55 26 1
55 270 1
55 167 1
55 247 1
55 45 1
56 7 1
56 34 1
56 48 2
56 27 1
56 38 1
56 21 1
56 22 1
56 23 1
56 57 1
56 45 1
57 56 1
57 184 1
57 43 1
58 15 1
58 59 2
59 58 2
59 88 1
59 143 1
59 89 1
59 5 1
60 15 1
60 61 1
61 60 1
61 9 1
61 260 1
61 276 1
61 143 1
61 89 1
61 293 1
61 5 1
62 15 2
62 63 2
62 9 1
62 64 1
63 62 2
64 62 1
64 143 1
65 66 1
65 15 1
66 65 1
67 68 1
67 7 1
67 36 1
67 37 1
68 67 1
69 33 1
69 327 1
69 311 1
69 37 1
70 7 1
70 31 1
71 39 1
71 42 1
72 73 1
73 72 1
73 109 1
73 106 1
73 9 1
73 184 1
73 94 1
73 299 1
74 75 2
75 74 2
75 184 1
76 77 2
76 78 1
77 76 2
78 76 1
78 184 1
78 271 1
78 129 1
78 147 1
78 318 1
78 207 2
78 239 1
78 336 1
79 80 1
80 79 1
81 82 1
82 81 1
82 90 1
82 99 1
82 15 1
82 7 1
82 109 1
83 8 1
83 84 2
83 9 1
83 85 1
84 83 2
85 83 1
85 93 1
85 106 1
85 9 1
85 184 1
86 87 1
87 86 1
87 88 1
87 106 2
87 107 1
87 108 1
88 87 1
88 59 1
88 89 1
89 88 1
89 107 1
89 184 1
89 61 1
89 59 1
90 82 1
90 9 1
90 19 1
91 92 1
91 10 1
92 91 1
92 107 1
92 184 1
93 94 1
93 95 1
93 85 1
93 10 1
93 96 1
94 93 1
94 106 1
94 107 1
94 184 1
94 199 1
94 200 1
94 95 1
94 73 1
94 96 1
95 93 1
95 106 1
95 107 1
95 184 1
95 94 1
95 299 1
96 93 1
96 106 1
96 107 1
96 184 1
96 94 1
96 299 1
97 98 1
98 97 1
98 143 1
98 173 1
99 82 1
100 101 2
100 102 2
100 103 3
101 100 2
101 267 2
101 102 1
101 268 1
102 100 2
102 101 1
102 103 1
103 100 3
103 267 2
103 102 1
103 333 1
104 105 1
105 104 1
105 267 1
105 277 1
105 149 1
105 268 1
105 178 1
105 293 2
105 317 1
106 87 2
106 94 1
106 95 1
106 85 1
106 73 1
106 96 1
106 116 2
106 44 1
107 87 1
107 94 1
107 95 1
107 92 1
107 96 1
107 89 1
108 87 1
108 184 1
109 82 1
109 110 1
109 111 1
109 73 1
110 109 1
110 215 2
111 109 1
111 157 1
112 113 1
113 112 1
114 115 1
115 114 1
115 143 1
116 106 2
116 143 1
116 331 1
117 9 1
117 123 1
117 181 1
117 182 1
117 183 1
118 9 4
118 121 1
118 127 1
118 143 1
119 9 1
119 121 1
119 125 1
120 9 1
121 9 2
121 118 1
121 119 1
121 184 2
121 178 1
122 9 3
122 123 1
123 9 2
123 117 1
123 122 1
123 185 1
123 186 1
123 187 1
123 188 1
123 189 1
123 190 1
123 149 1
123 191 1
123 192 1
123 179 1
124 9 1
124 125 1
124 142 1
125 9 4
125 119 1
125 124 1
125 142 1
125 149 1
126 9 1
126 134 1
126 149 1
126 150 1
126 151 1
126 28 1
127 9 3
127 118 1
127 143 1
127 149 1
128 9 1
128 184 1
128 276 1
129 9 1
129 184 1
129 78 1
129 207 1
130 9 1
130 184 1
130 278 2
131 9 1
131 146 1
131 26 1
131 284 1
131 285 1
131 216 1
131 236 1
131 242 1
131 171 1
131 178 1
131 286 1
131 261 2
132 9 1
132 282 1
132 291 1
132 178 1
133 9 1
133 284 1
133 178 1
134 9 1
134 126 1
134 16 1
135 9 1
135 143 1
136 9 1
136 143 1
137 9 1
137 143 1
138 9 1
138 181 3
138 301 2
138 143 1
138 291 1
139 9 1
139 143 1
140 9 1
140 143 1
141 9 1
141 143 1
142 9 1
142 124 1
142 125 1
143 9 4
143 118 1
143 127 1
143 64 1
143 135 1
143 115 1
143 136 1
143 263 1
143 61 1
143 59 1
143 264 1
143 98 1
143 137 1
143 48 1
143 52 1
143 138 1
143 182 1
143 139 1
143 53 1
143 50 1
143 140 1
143 141 1
143 304 1
143 274 1
143 144 1
143 305 1
143 145 1
143 306 1
143 55 1
143 147 1
143 148 1
143 307 1
143 175 1
143 116 1
144 9 1
144 143 1
145 9 1
145 187 1
145 143 1
145 189 1
145 149 1
145 268 1
146 9 1
146 184 1
146 131 1
146 179 3
146 315 2
147 9 1
147 143 1
147 78 1
148 9 1
148 143 1
149 9 2
149 123 1
149 125 1
149 126 1
149 127 1
149 263 1
149 304 1
149 145 1
149 105 1
149 277 1
149 300 1
149 326 2
149 268 1
149 236 1
149 333 1
149 5 1
150 9 1
150 126 1
150 178 1
151 9 1
151 126 1
151 178 1
152 9 1
152 332 4
152 178 1
153 9 1
153 184 1
153 295 1
153 296 1
153 325 1
154 9 1
154 184 1
155 9 2
155 184 1
156 9 1
156 184 1
157 9 1
157 184 1
157 52 2
157 111 1
157 191 1
157 192 1
158 9 1
158 184 1
158 260 1
158 337 1
158 192 1
159 9 1
159 184 2
160 9 1
160 184 1
160 52 2
160 300 3
161 9 1
161 184 1
161 161 2
162 9 1
162 184 1
163 9 1
163 184 1
164 9 1
164 184 1
164 36 1
165 9 1
165 184 1
165 182 2
166 9 1
166 184 1
166 269 1
167 9 1
167 184 1
167 269 1
167 55 1
167 270 1
167 31 2
168 9 1
168 184 1
169 9 2
169 184 2
170 9 1
170 184 1
170 325 1
171 9 2
171 184 2
171 131 1
171 26 1
171 284 1
172 9 1
172 184 1
172 294 1
172 295 2
172 296 1
172 298 1
172 20 2
173 9 1
173 184 1
173 98 1
174 9 1
174 260 1
174 276 1
174 178 1
175 9 1
175 201 1
175 143 1
175 329 1
175 244 1
176 9 3
177 9 2
178 9 1
178 121 1
178 283 1
178 131 1
178 272 1
178 273 1
178 132 1
178 3 1
178 133 1
178 26 1
178 316 1
178 105 1
178 268 1
178 37 1
178 150 1
178 151 1
178 152 1
178 174 1
178 333 1
178 342 1
178 343 1
178 338 1
179 9 1
179 123 1
179 184 1
179 146 3
179 280 1
179 315 1
180 9 1
180 184 1
181 117 1
181 138 3
181 182 1
182 117 1
182 181 1
182 143 1
182 302 2
182 183 3
182 165 2
183 117 1
183 182 3
184 121 2
184 128 1
184 196 1
184 197 1
184 16 1
184 129 1
184 198 1
184 199 1
184 130 1
184 34 1
184 200 1
184 201 1
184 202 1
184 2 1
184 48 1
184 203 1
184 146 1
184 204 1
184 153 1
184 154 1
184 205 1
184 155 1
184 4 1
184 156 1
184 157 1
184 206 1
184 78 1
184 207 1
184 208 1
184 209 1
184 210 1
184 75 1
184 211 1
184 158 1
184 94 1
184 212 1
184 193 1
184 27 1
184 213 1
184 214 1
184 215 1
184 216 1
184 95 1
184 38 1
184 217 1
184 218 1
184 39 1
184 159 2
184 219 1
184 160 1
184 161 1
184 220 1
184 21 1
184 92 1
184 28 1
184 162 1
184 221 1
184 222 1
184 223 1
184 85 1
184 10 1
184 40 1
184 41 1
184 224 1
184 12 1
184 17 1
184 225 1
184 163 1
184 226 1
184 22 1
184 73 1
184 23 1
184 227 1
184 228 1
184 229 1
184 230 1
184 231 1
184 232 1
184 164 1
184 233 1
184 234 1
184 29 1
184 42 1
184 195 1
184 96 1
184 235 1
184 165 1
184 236 1
184 166 1
184 237 1
184 89 1
184 238 1
184 108 1
184 167 1
184 168 1
184 239 1
184 240 1
184 241 1
184 169 2
184 170 1
184 242 1
184 171 2
184 243 1
184 244 1
184 172 1
184 173 1
184 245 1
184 246 3
184 247 1
184 179 1
184 248 1
184 5 1
184 249 1
184 250 1
184 251 1
184 252 1
184 253 1
184 43 1
184 254 1
184 255 1
184 256 1
184 257 1
184 44 1
184 57 1
184 31 1
184 258 1
184 45 1
184 259 1
184 180 1
185 123 1
185 188 2
185 193 1
185 38 1
186 123 1
186 195 1
187 123 1
187 188 1
187 145 1
188 123 1
188 185 2
188 262 1
188 187 1
188 256 1
189 123 1
189 145 1
190 123 1
190 246 1
191 123 1
191 276 1
191 157 1
191 192 1
192 123 1
192 157 1
192 158 1
192 191 1
193 185 1
193 184 1
194 34 1
194 21 1
194 22 1
194 23 1
195 186 1
195 184 1
195 269 1
196 184 1
197 184 1
198 184 1
198 277 1
199 184 1
199 19 1
199 94 1
199 43 1
200 184 1
200 55 1
200 270 1
200 94 1
201 184 1
201 244 2
201 175 1
202 184 1
203 184 1
204 184 1
205 184 1
206 184 1
206 269 1
206 270 1
207 184 1
207 129 1
207 78 2
208 184 1
209 184 1
210 184 1
211 184 1
212 184 1
213 184 1
214 184 1
215 184 1
215 110 2
216 184 1
216 131 1
216 314 1
216 26 1
216 298 1
217 184 1
218 184 1
219 184 1
219 300 1
220 184 1
221 184 1
222 184 1
223 184 1
223 323 1
223 324 2
224 184 1
225 184 1
226 184 1
227 184 1
228 184 1
228 340 1
229 184 1
229 23 1
230 184 1
231 184 1
232 184 1
233 184 1
234 184 1
235 184 1
236 184 1
236 131 1
236 149 1
237 184 1
238 184 1
239 184 1
239 78 1
240 184 1
241 184 1
241 52 1
242 184 1
242 131 1
242 284 1
243 184 1
244 184 1
244 201 2
244 175 1
245 184 1
245 325 1
245 298 2
246 184 3
246 304 4
246 308 1
246 300 1
246 330 2
246 190 1
247 184 1
247 55 1
247 31 1
248 184 1
248 345 1
249 184 1
250 184 1
251 184 1
251 269 1
252 184 1
253 184 1
254 184 1
255 184 1
256 184 1
256 188 1
256 341 1
256 348 1
257 184 1
258 184 1
259 184 1
260 61 1
260 158 1
260 39 1
260 40 1
260 12 1
260 17 1
260 42 1
260 174 1
260 261 1
261 260 1
261 131 2
262 188 1
262 263 1
262 264 1
262 265 1
263 262 1
263 143 1
263 149 1
264 262 1
264 143 1
265 262 1
265 271 1
265 272 3
265 274 2
265 287 1
266 50 1
267 101 2
267 105 1
267 103 2
268 101 1
268 145 1
268 105 1
268 277 1
268 149 1
268 178 1
269 55 1
269 270 2
269 206 1
269 21 1
269 22 1
269 23 1
269 195 1
269 166 1
269 167 1
269 251 1
270 269 2
270 200 1
270 55 1
270 206 1
270 167 1
270 45 1
271 272 2
271 273 1
271 274 1
271 275 1
271 265 1
271 78 1
272 271 2
272 274 1
272 265 3
272 287 1
272 288 1
272 178 1
273 271 1
273 275 3
273 289 1
273 290 1
273 291 3
273 178 1
274 271 1
274 272 1
274 143 1
274 265 2
275 271 1
275 273 3
275 318 1
276 128 1
276 61 1
276 174 1
276 191 1
276 5 1
277 198 1
277 105 1
277 149 1
277 268 1
278 130 2
279 34 1
280 2 1
280 284 3
280 285 2
280 179 1
281 282 1
282 281 1
282 132 1
282 319 3
282 320 2
283 178 1
284 131 1
284 133 1
284 26 1
284 316 5
284 280 3
284 242 1
284 171 1
285 131 1
285 321 1
285 280 2
286 131 1
287 272 1
287 265 1
288 272 1
289 273 1
289 301 1
290 273 1
291 273 3
291 132 1
291 138 1
291 301 1
292 4 1
292 5 1
293 61 1
293 304 1
293 105 2
294 26 1
294 295 3
294 296 2
294 297 1
294 298 1
294 172 1
294 31 1
295 294 3
295 20 1
295 153 1
295 172 2
296 294 2
296 298 2
296 153 1
296 172 1
297 294 1
298 294 1
298 26 1
298 321 1
298 296 2
298 300 2
298 325 1
298 216 1
298 172 1
298 245 2
298 31 1
299 48 1
299 95 1
299 73 1
299 96 1
300 52 1
300 53 1
300 304 5
300 309 1
300 298 2
300 149 1
300 219 1
300 160 3
300 246 1
301 138 2
301 289 1
301 291 1
302 182 2
302 322 1
303 50 1
304 143 1
304 300 5
304 149 1
304 246 4
304 293 1
305 143 1
306 143 1
307 143 1
308 246 1
309 300 1
310 36 1
310 38 1
311 36 1
311 69 1
311 312 1
311 37 3
312 36 2
312 311 1
312 37 1
313 36 1
313 20 1
314 216 1
315 146 2
315 179 1
316 284 5
316 178 1
317 105 1
318 275 1
318 78 1
319 282 3
320 282 2
321 298 1
321 285 1
322 302 1
323 223 1
324 223 2
325 298 1
325 153 1
325 170 1
325 245 1
326 149 2
327 69 1
327 37 1
328 37 1
329 175 1
330 246 2
331 116 1
332 152 4
333 103 1
333 149 1
333 178 1
334 335 1
335 334 1
336 78 1
337 158 1
338 17 1
338 178 1
339 22 1
340 228 1
341 29 1
341 256 1
342 178 1
343 178 1
343 344 1
344 343 1
345 248 1
346 43 1
347 31 1
348 256 1
