0 1 1
0 2 1
1 0 1
1 115 1
1 173 1
2 0 1
2 160 1
2 161 1
2 174 1
2 187 1
2 7 1
2 324 2
2 113 1
2 365 1
2 115 1
2 367 1
2 368 1
2 369 1
3 4 1
3 5 1
4 3 1
4 151 1
4 160 1
4 228 1
5 3 1
5 32 1
5 142 1
5 170 1
5 181 1
5 7 2
5 324 1
6 7 1
6 8 1
6 9 1
6 10 1
6 11 1
6 12 1
7 6 1
7 23 1
7 94 1
7 112 1
7 21 1
7 130 1
7 181 1
7 191 1
7 241 2
7 242 1
7 243 2
7 113 1
7 244 1
7 149 1
7 245 1
7 62 1
7 235 1
7 204 1
7 146 1
7 115 1
7 246 2
7 247 2
7 248 2
7 249 1
7 172 2
7 250 1
7 251 1
7 252 1
7 87 1
7 253 1
7 254 1
7 255 1
7 256 1
7 257 1
7 258 1
7 259 1
7 260 1
7 261 1
7 262 1
7 263 1
7 10 1
7 126 1
7 264 1
7 265 1
7 266 1
7 267 1
7 268 1
7 269 1
7 270 1
7 271 1
7 272 1
7 273 1
7 238 2
7 274 1
7 275 1
7 276 1
7 277 1
7 154 2
7 278 1
7 279 1
7 280 1
7 281 1
7 162 1
7 282 1
7 283 1
7 284 1
7 173 1
7 132 1
7 285 2
7 286 1
7 287 1
7 288 1
7 289 1
7 290 1
7 291 1
7 292 1
7 293 1
7 294 1
7 295 1
7 296 1
7 297 1
7 298 1
7 299 1
7 300 1
7 301 1
7 150 2
7 302 1
7 303 1
7 304 1
7 144 1
7 305 1
7 306 1
7 2 1
7 307 1
7 308 1
7 309 1
7 310 2
7 311 1
7 312 1
7 313 1
7 44 1
7 123 1
7 314 1
7 315 1
7 316 1
7 88 1
7 317 1
7 318 1
7 205 1
7 124 1
7 163 1
7 5 2
7 319 1
7 320 1
7 134 1
7 155 1
7 239 1
7 166 1
8 6 1
8 24 1
8 181 1
8 143 1
8 366 2
8 247 1
8 386 1
8 248 1
8 387 1
8 268 1
8 273 1
8 342 1
9 6 1
9 181 1
9 386 1
9 388 1
9 9 2
10 6 1
10 91 1
10 7 1
10 324 1
11 6 1
11 142 1
11 174 1
11 33 1
11 324 1
12 6 1
12 181 1
12 240 1
12 324 1
13 13 4
13 14 1
13 15 1
13 16 1
13 17 1
14 13 1
14 46 1
14 15 1
14 116 1
14 117 1
14 62 2
14 115 1
15 13 1
15 14 1
16 13 1
16 46 1
16 239 1
17 13 1
17 244 1
17 359 1
18 19 1
19 18 1
19 89 1
19 115 1
19 119 1
20 21 1
20 22 1
21 20 1
21 7 1
21 115 1
21 124 1
22 20 1
23 24 1
23 25 1
23 26 1
23 7 1
24 23 1
24 8 1
24 115 1
25 23 1
26 23 1
27 28 1
28 27 1
28 29 1
28 115 1
28 163 1
29 28 1
29 30 1
30 29 1
31 32 1
31 33 1
32 31 1
32 33 1
32 79 1
32 80 1
32 5 1
33 31 1
33 32 1
33 33 2
33 115 1
33 11 1
34 35 2
34 36 1
35 34 2
35 215 1
35 216 1
35 217 1
35 218 1
35 219 2
35 220 1
35 93 1
35 115 1
36 34 1
36 194 1
36 324 1
37 38 1
37 39 1
37 40 1
37 41 1
37 42 1
37 43 1
37 44 1
38 37 1
38 221 1
38 43 1
38 115 1
39 37 1
40 37 1
41 37 1
42 37 1
43 37 1
43 180 1
43 38 1
43 371 1
43 366 2
43 256 1
44 37 1
44 81 1
44 7 1
44 324 1
44 113 1
44 398 1
44 87 1
44 416 3
45 46 2
45 47 1
46 45 2
46 14 1
46 222 1
46 223 1
46 224 1
46 225 1
46 226 1
46 227 1
46 16 1
46 117 1
46 115 1
47 45 1
47 227 1
48 49 1
48 50 1
48 51 1
48 52 1
48 53 1
48 54 2
48 55 1
48 56 1
48 57 1
49 48 1
50 48 1
51 48 1
52 48 1
53 48 1
54 48 2
54 190 1
54 176 2
54 366 1
54 249 2
55 48 1
56 48 1
56 87 1
57 48 1
58 58 2
58 59 1
58 60 1
58 61 1
58 62 2
58 63 1
59 58 1
60 58 1
61 58 1
62 58 2
62 64 1
62 71 1
62 14 2
62 78 1
62 7 1
62 113 1
62 366 1
63 58 1
63 188 1
63 324 1
63 267 1
64 65 1
64 66 1
64 67 1
64 68 1
64 69 1
64 70 1
64 62 1
65 64 1
65 118 1
65 115 1
66 64 1
67 64 1
68 64 1
69 64 1
70 64 1
71 71 2
71 72 1
71 73 1
71 74 1
71 75 1
71 76 1
71 77 1
71 78 1
71 62 1
72 71 1
72 115 1
72 166 1
73 71 1
74 71 1
75 71 1
76 71 1
77 71 1
78 71 1
78 62 1
78 233 1
79 32 1
79 206 1
79 79 2
80 32 1
80 181 1
80 324 1
80 364 1
80 350 1
80 418 1
81 82 1
81 83 1
81 84 1
81 85 1
81 86 1
81 87 1
81 44 1
81 88 1
82 81 1
82 138 1
82 139 1
82 140 1
82 141 1
82 86 1
82 115 1
83 81 1
84 81 1
85 81 1
86 81 1
86 82 1
86 174 1
86 366 1
86 367 1
86 87 1
86 368 1
86 369 4
86 304 1
87 81 1
87 142 1
87 7 1
87 86 1
87 56 1
87 404 1
87 309 1
87 44 1
87 88 1
88 81 1
88 174 1
88 7 1
88 324 1
88 113 1
88 398 1
88 87 1
88 416 2
89 19 1
89 90 1
90 89 1
90 366 1
90 385 1
91 92 1
91 93 1
91 10 1
92 91 1
93 91 1
93 35 1
93 93 2
93 366 1
93 388 2
93 389 1
94 95 1
94 96 1
94 97 1
94 98 1
94 99 1
94 100 1
94 101 1
94 102 1
94 103 1
94 104 1
94 105 1
94 106 1
94 107 1
94 7 1
94 108 1
95 94 1
95 130 1
95 107 2
95 235 1
95 132 1
96 94 1
96 130 1
97 94 1
97 130 1
98 94 1
98 130 1
99 94 1
99 130 1
100 94 1
100 130 1
100 107 1
101 94 1
101 130 1
102 94 1
102 130 1
103 94 1
103 130 1
104 94 1
104 130 1
105 94 1
105 130 1
106 94 1
106 130 1
107 94 1
107 130 1
107 95 2
107 100 1
107 108 1
108 94 1
108 130 1
108 107 1
109 110 1
109 111 1
110 109 1
110 324 1
110 371 1
110 272 2
110 344 1
110 111 1
111 109 1
111 371 1
111 272 1
111 344 1
111 110 1
111 111 2
112 7 1
112 113 1
112 114 1
112 115 1
113 112 1
113 240 1
113 7 1
113 241 1
113 149 1
113 143 1
113 357 1
113 62 1
113 235 1
113 204 1
113 146 1
113 247 2
113 248 1
113 251 1
113 253 1
113 255 1
113 358 1
113 261 1
113 263 1
113 126 1
113 264 1
113 266 1
113 267 1
113 268 1
113 269 1
113 271 1
113 273 1
113 238 1
113 277 2
113 154 1
113 278 1
113 281 1
113 282 1
113 283 1
113 284 1
113 173 2
113 132 1
113 285 1
113 286 1
113 287 1
113 288 1
113 289 2
113 290 1
113 291 1
113 292 1
113 293 1
113 294 1
113 298 1
113 339 1
113 340 1
113 301 1
113 150 1
113 302 1
113 304 1
113 305 1
113 306 1
113 2 1
113 307 1
113 308 1
113 310 1
113 312 1
113 313 1
113 44 1
113 348 1
113 88 1
113 317 1
113 318 1
113 163 1
113 319 1
113 239 2
113 359 1
114 112 1
114 366 1
115 112 1
115 14 1
115 65 1
115 19 1
115 21 1
115 125 1
115 127 1
115 129 1
115 130 1
115 24 1
115 133 1
115 135 1
115 82 1
115 142 1
115 145 1
115 147 1
115 148 1
115 151 1
115 157 1
115 160 1
115 161 1
115 28 1
115 164 1
115 167 1
115 170 1
115 171 1
115 1 1
115 174 1
115 175 1
115 177 1
115 178 1
115 179 1
115 180 1
115 181 1
115 182 1
115 187 1
115 33 1
115 188 1
115 189 1
115 191 1
115 194 1
115 196 1
115 201 1
115 206 1
115 207 1
115 209 1
115 210 1
115 35 1
115 38 1
115 72 1
115 46 1
115 228 1
115 234 1
115 7 1
115 244 1
115 306 1
115 2 1
116 14 1
117 14 1
117 46 1
117 246 1
117 366 1
118 65 1
119 19 1
119 324 1
120 121 1
120 122 1
120 123 1
121 120 1
121 234 1
122 120 1
122 234 1
123 120 1
123 234 2
123 7 1
123 324 1
123 123 2
124 21 1
124 7 1
124 324 1
124 154 1
125 115 1
125 126 1
126 125 1
126 7 1
126 324 1
126 113 1
126 398 1
127 128 1
127 115 1
128 127 1
128 188 1
129 115 1
130 95 1
130 96 1
130 97 1
130 98 1
130 99 1
130 100 1
130 101 1
130 102 1
130 103 1
130 104 1
130 105 1
130 106 1
130 107 1
130 7 1
130 131 1
130 115 1
130 108 1
130 132 1
131 130 1
131 135 1
131 151 1
131 178 1
131 143 1
131 366 1
131 266 1
131 375 1
132 130 1
132 182 1
132 95 1
132 7 1
132 324 1
132 113 1
132 267 1
133 115 1
133 134 1
134 133 1
134 7 1
134 324 1
134 355 1
135 136 1
135 137 1
135 131 1
135 115 1
136 135 1
137 135 1
138 82 1
139 82 1
140 82 1
141 82 1
142 143 1
142 115 1
142 87 1
142 11 1
142 144 1
142 5 1
143 142 1
143 113 1
143 131 1
143 372 1
143 374 1
143 8 1
143 366 1
143 254 2
143 318 1
144 142 1
144 7 1
144 324 1
144 252 1
145 146 1
145 115 1
146 145 1
146 188 1
146 7 1
146 113 1
146 366 1
146 239 1
147 115 1
148 149 1
148 115 1
148 150 1
149 148 1
149 174 1
149 7 1
149 113 1
149 366 1
149 370 5
149 368 1
149 369 6
149 278 4
149 285 1
149 304 1
150 148 1
150 207 1
150 7 2
150 324 1
150 113 1
151 152 1
151 153 1
151 4 1
151 131 1
151 115 1
151 154 1
151 155 1
151 156 1
152 151 1
153 151 1
154 151 1
154 7 2
154 324 1
154 113 1
154 363 1
154 173 1
154 124 1
155 151 1
155 7 1
155 324 1
155 367 1
155 369 2
156 151 1
157 115 1
157 158 1
157 159 1
158 157 1
158 181 1
158 324 1
158 378 1
159 157 1
159 181 1
159 324 1
159 428 1
160 4 1
160 115 1
160 2 1
161 161 2
161 115 1
161 162 1
161 2 1
162 161 1
162 7 1
162 324 1
162 410 1
162 419 1
163 28 1
163 175 1
163 190 1
163 7 1
163 324 1
163 113 1
163 384 1
163 251 1
163 412 1
163 264 1
163 272 1
163 427 1
164 165 2
164 115 1
164 166 1
165 164 2
165 234 1
165 390 1
165 277 2
165 294 1
165 302 1
166 164 1
166 191 1
166 72 1
166 7 1
166 355 1
167 168 1
167 115 1
167 169 1
168 167 1
169 167 1
170 115 1
170 5 1
171 115 1
171 172 1
172 171 1
172 179 1
172 7 2
172 172 2
172 237 1
172 290 1
172 334 1
172 300 1
172 309 1
172 314 1
172 205 2
173 1 1
173 7 1
173 324 1
173 113 2
173 370 1
173 383 2
173 154 1
174 86 1
174 149 1
174 115 1
174 11 1
174 2 1
174 88 1
175 176 1
175 115 1
175 163 1
176 175 1
176 54 2
177 115 1
178 131 1
178 115 1
179 115 1
179 172 1
180 43 1
180 115 1
181 7 1
181 8 1
181 115 1
181 9 1
181 12 1
181 80 1
181 158 1
181 159 1
181 5 1
182 183 1
182 184 1
182 185 1
182 115 1
182 186 1
182 132 1
183 182 1
184 182 1
184 186 1
185 182 1
185 356 1
185 366 1
185 370 6
185 373 2
185 380 1
185 260 1
185 278 3
185 292 1
186 182 1
186 184 1
187 187 2
187 115 1
187 2 1
188 128 1
188 146 1
188 115 1
188 63 1
189 115 1
190 54 1
190 163 1
191 192 1
191 193 1
191 7 1
191 115 1
191 166 1
192 191 1
193 191 1
194 195 1
194 115 1
194 36 1
195 194 1
196 197 1
196 198 1
196 199 1
196 200 1
196 115 1
197 196 1
198 196 1
199 196 1
200 196 1
201 202 1
201 203 1
201 204 1
201 115 1
201 205 3
202 201 1
202 205 1
203 201 1
204 201 1
204 7 1
204 113 1
204 366 1
204 380 2
204 368 1
204 253 1
204 369 12
204 277 1
204 287 1
204 289 1
204 297 1
204 305 1
204 306 1
204 316 1
205 201 3
205 202 1
205 7 1
205 321 1
205 324 1
205 393 1
205 248 1
205 172 2
206 206 2
206 79 1
206 115 1
207 208 1
207 115 1
207 150 1
208 207 1
208 366 1
209 115 1
210 210 2
210 211 2
210 212 2
210 213 2
210 214 2
210 115 1
211 210 2
211 211 2
211 212 2
211 213 2
211 214 2
212 210 2
212 211 2
212 212 2
212 213 2
212 214 2
213 210 2
213 211 2
213 212 2
213 213 2
213 214 2
214 210 2
214 211 2
214 212 2
214 213 2
214 214 4
215 35 1
216 35 1
217 35 1
218 35 1
219 35 2
220 35 1
221 38 1
221 236 1
221 237 2
222 46 1
222 227 1
223 46 1
224 46 1
225 46 1
226 46 1
227 46 1
227 222 1
227 47 1
228 228 2
228 229 1
228 230 1
228 231 1
228 232 1
228 4 1
228 115 1
229 228 1
229 238 1
229 239 1
230 228 1
231 228 1
232 228 1
233 78 1
233 324 1
233 391 1
233 393 3
233 417 1
234 121 1
234 122 1
234 165 1
234 115 1
234 123 2
235 95 1
235 7 1
235 113 1
235 366 1
235 253 1
235 260 1
235 287 1
235 306 1
235 239 1
236 221 1
236 366 1
236 252 2
237 221 2
237 324 1
237 172 1
238 229 1
238 7 2
238 324 1
238 113 1
238 385 1
238 409 1
239 229 1
239 7 1
239 324 1
239 113 2
239 16 1
239 235 1
239 146 1
240 113 1
240 12 1
241 7 2
241 113 1
241 355 1
241 340 1
242 7 1
242 340 1
243 7 2
243 356 1
244 7 1
244 356 1
244 115 1
244 355 1
244 303 1
244 342 1
244 17 1
245 7 1
245 366 1
246 7 2
246 324 1
246 117 1
246 356 1
246 267 1
247 7 2
247 113 2
247 8 1
247 386 2
247 248 2
247 388 2
247 387 2
247 399 2
248 7 2
248 113 1
248 8 1
248 247 2
248 261 1
248 271 1
248 273 1
248 342 1
248 205 1
249 7 1
249 54 2
249 262 1
249 308 1
250 7 1
250 375 1
251 7 1
251 113 1
251 384 2
251 402 1
251 163 1
252 7 1
252 236 2
252 254 1
252 259 1
252 286 1
252 300 1
252 144 1
253 7 1
253 113 1
253 235 1
253 204 1
253 287 2
253 306 2
254 7 1
254 143 2
254 376 1
254 252 1
255 7 1
255 113 1
255 312 1
256 7 1
256 43 1
256 361 1
256 382 1
256 371 1
256 383 1
256 397 1
256 413 1
257 7 1
257 369 1
258 7 1
259 7 1
259 252 1
259 414 1
260 7 1
260 185 1
260 235 1
260 337 1
260 315 1
261 7 1
261 113 1
261 248 1
262 7 1
262 249 1
263 7 1
263 113 1
263 388 2
263 387 1
264 7 1
264 324 1
264 113 1
264 384 1
264 163 1
265 7 1
265 324 1
266 7 1
266 324 1
266 113 1
266 131 1
266 394 1
266 415 1
267 7 1
267 324 1
267 113 1
267 246 1
267 371 1
267 63 1
267 268 1
267 269 1
267 270 1
267 132 1
267 351 1
268 7 1
268 324 1
268 113 1
268 8 1
268 386 1
268 267 1
269 7 1
269 324 1
269 113 1
269 267 1
270 7 1
270 393 1
270 267 1
270 416 1
271 7 1
271 324 1
271 113 1
271 374 1
271 248 1
272 7 1
272 324 1
272 361 2
272 383 1
272 276 1
272 282 1
272 339 1
272 110 2
272 163 1
272 111 1
273 7 1
273 324 1
273 113 1
273 8 1
273 248 1
274 7 1
274 324 1
275 7 1
275 324 1
276 7 1
276 324 1
276 272 1
276 276 2
276 280 1
277 7 1
277 324 1
277 113 2
277 204 1
277 165 2
277 287 2
277 294 1
278 7 1
278 324 1
278 113 1
278 149 4
278 185 3
278 370 5
278 278 4
278 400 3
279 7 1
279 324 1
279 388 2
280 7 1
280 276 1
281 7 1
281 324 1
281 113 1
281 373 1
281 368 1
282 7 1
282 324 1
282 113 1
282 272 1
283 7 1
283 324 1
283 113 1
283 372 1
284 7 1
284 324 1
284 113 1
284 388 3
285 7 2
285 324 1
285 113 1
285 149 1
285 384 1
285 392 1
285 408 1
285 411 1
285 420 1
286 7 1
286 324 1
286 113 1
286 252 1
287 7 1
287 324 1
287 113 1
287 235 1
287 204 1
287 398 2
287 390 1
287 253 2
287 277 2
287 294 2
287 416 2
288 7 1
288 324 1
288 113 1
288 421 1
288 416 2
289 7 1
289 324 1
289 113 2
289 204 1
289 368 1
289 369 7
290 7 1
290 324 1
290 113 1
290 172 1
291 7 1
291 324 1
291 113 1
292 7 1
292 324 1
292 113 1
292 185 1
292 373 3
293 7 1
293 324 1
293 113 1
294 7 1
294 324 1
294 113 1
294 165 1
294 398 1
294 277 1
294 287 2
294 296 1
294 337 1
295 7 1
295 324 1
295 361 1
295 338 1
296 7 1
296 324 1
296 391 2
296 390 1
296 294 1
297 7 1
297 324 1
297 204 1
297 368 1
297 369 5
297 396 1
297 423 1
298 7 1
298 324 1
298 113 1
298 360 1
299 7 1
300 7 1
300 324 1
300 353 1
300 172 1
300 252 1
300 410 1
300 303 1
300 416 1
301 7 1
301 324 1
301 113 1
302 7 1
302 324 1
302 113 1
302 165 1
303 7 1
303 324 1
303 244 1
303 333 1
303 300 1
303 425 1
304 7 1
304 324 1
304 113 1
304 86 1
304 149 1
304 367 1
304 369 2
305 7 1
305 324 1
305 113 1
305 204 1
305 368 1
305 369 8
306 7 1
306 324 1
306 113 1
306 235 1
306 204 1
306 115 1
306 253 2
306 416 1
307 7 1
307 324 1
307 113 1
308 7 1
308 324 1
308 113 1
308 249 1
309 7 1
309 324 1
309 172 1
309 87 1
309 309 2
310 7 2
310 324 1
310 113 1
310 372 1
310 310 2
311 7 1
311 324 1
311 311 2
312 7 1
312 324 1
312 113 1
312 369 2
312 255 1
312 427 2
312 430 1
312 431 2
313 7 1
313 324 1
313 113 1
314 7 1
314 324 1
314 172 1
314 380 2
314 314 2
315 7 1
315 324 1
315 322 1
315 373 2
315 260 1
315 315 2
316 7 1
316 324 1
316 204 1
316 368 2
316 369 1
316 359 1
317 7 1
317 324 1
317 113 1
318 7 1
318 323 1
318 113 1
318 143 1
319 7 1
319 324 1
319 113 1
320 7 1
321 322 1
321 205 1
322 321 1
322 315 1
323 318 1
324 246 1
324 10 1
324 126 1
324 11 1
324 264 1
324 36 1
324 325 1
324 265 1
324 266 1
324 63 1
324 326 1
324 267 1
324 268 1
324 327 1
324 119 1
324 269 1
324 233 1
324 12 1
324 271 1
324 272 1
324 328 1
324 273 1
324 329 1
324 238 1
324 274 1
324 275 1
324 276 1
324 277 1
324 237 1
324 154 1
324 278 1
324 279 1
324 281 1
324 80 1
324 162 1
324 282 1
324 283 1
324 284 1
324 173 1
324 330 1
324 132 1
324 285 1
324 286 1
324 331 1
324 287 1
324 288 1
324 289 1
324 290 1
324 332 1
324 333 1
324 291 1
324 292 1
324 293 1
324 334 1
324 294 1
324 295 1
324 335 1
324 336 1
324 296 1
324 337 1
324 297 1
324 298 1
324 338 1
324 339 1
324 300 1
324 340 1
324 301 1
324 150 1
324 302 1
324 303 1
324 304 1
324 144 1
324 305 1
324 306 1
324 158 1
324 2 2
324 341 1
324 342 1
324 307 1
324 308 1
324 309 1
324 343 1
324 310 1
324 159 1
324 344 2
324 311 1
324 312 1
324 313 1
324 345 1
324 346 1
324 44 1
324 347 1
324 123 1
324 110 1
324 314 1
324 348 1
324 315 1
324 349 1
324 316 1
324 88 1
324 317 1
324 205 1
324 350 1
324 124 1
324 163 1
324 5 1
324 319 1
324 134 1
324 155 1
324 239 1
324 351 1
325 324 1
326 324 1
326 388 2
327 324 1
328 324 1
329 324 1
330 324 1
330 361 1
330 391 1
330 350 1
331 324 1
332 324 1
333 324 1
333 303 1
333 416 1
334 324 1
334 172 1
335 324 1
335 335 2
336 324 1
337 324 1
337 391 1
337 390 1
337 380 1
337 260 1
337 294 1
337 337 2
338 324 1
338 295 1
339 324 1
339 113 1
339 361 1
339 383 1
339 272 1
340 324 1
340 241 1
340 242 1
340 113 1
340 355 1
340 401 1
340 424 1
341 324 1
342 324 1
342 244 1
342 374 1
342 8 1
342 248 1
342 427 2
343 324 1
344 324 2
344 371 1
344 383 1
344 110 1
344 111 1
344 429 2
345 324 1
345 432 1
346 324 1
347 324 1
347 367 1
348 324 1
348 113 1
348 396 2
348 348 4
349 324 1
350 324 1
350 391 1
350 80 1
350 330 1
351 324 1
351 267 1
352 353 1
352 354 1
353 352 1
353 300 1
354 352 1
354 426 1
355 241 1
355 360 1
355 244 1
355 361 1
355 383 1
355 340 1
355 134 1
355 166 1
356 243 1
356 244 1
356 372 1
356 185 1
356 246 1
356 366 1
356 373 2
357 113 1
357 357 4
357 366 1
358 113 1
358 358 2
359 113 1
359 316 1
359 17 1
360 360 2
360 361 1
360 355 1
360 362 1
360 298 1
361 360 1
361 366 1
361 355 1
361 383 1
361 256 1
361 272 2
361 330 1
361 295 1
361 339 1
362 360 1
362 362 2
363 154 1
364 80 1
365 2 1
366 114 1
366 54 1
366 86 1
366 117 1
366 149 1
366 43 2
366 245 1
366 356 1
366 236 1
366 143 1
366 131 1
366 376 1
366 377 1
366 357 1
366 379 1
366 372 1
366 381 1
366 374 1
366 90 1
366 185 1
366 62 1
366 235 1
366 208 1
366 361 1
366 8 2
366 93 1
366 204 1
366 146 1
367 86 1
367 368 2
367 304 1
367 2 1
367 347 1
367 155 1
368 86 1
368 149 1
368 204 1
368 395 1
368 367 2
368 369 1
368 396 1
368 406 1
368 281 1
368 289 1
368 297 1
368 305 1
368 2 1
368 316 2
368 407 1
369 86 4
369 149 6
369 204 12
369 368 1
369 404 1
369 406 3
369 257 1
369 289 7
369 297 5
369 304 2
369 305 8
369 2 1
369 312 2
369 316 1
369 155 2
370 149 5
370 185 6
370 278 5
370 173 1
370 400 5
371 43 1
371 381 1
371 383 2
371 397 2
371 256 1
371 267 1
371 344 1
371 110 1
371 111 1
372 356 1
372 143 1
372 366 1
372 380 1
372 283 1
372 310 1
373 356 2
373 185 2
373 401 1
373 281 1
373 292 3
373 315 2
374 143 1
374 366 1
374 271 1
374 342 1
375 131 1
375 250 1
376 366 1
376 254 1
377 366 1
377 378 1
378 377 1
378 158 1
379 366 1
380 372 1
380 185 1
380 204 2
380 405 2
380 337 1
380 314 2
381 382 1
381 371 1
381 366 1
381 383 1
382 381 1
382 256 1
383 381 1
383 361 1
383 371 2
383 355 1
383 256 1
383 272 1
383 173 2
383 339 1
383 344 1
384 251 2
384 385 1
384 264 1
384 285 1
384 163 1
385 384 1
385 90 1
385 392 1
385 403 2
385 238 1
386 8 1
386 247 2
386 9 1
386 268 1
387 8 1
387 247 2
387 263 1
388 93 2
388 247 2
388 9 1
388 263 2
388 326 2
388 279 2
388 284 3
389 93 1
390 165 1
390 287 1
390 296 1
390 337 1
391 233 1
391 330 1
391 296 2
391 337 1
391 350 1
392 385 1
392 285 1
393 270 1
393 233 3
393 205 1
394 266 1
395 368 1
395 396 1
396 395 1
396 368 1
396 297 1
396 348 2
396 407 1
397 371 2
397 256 1
398 126 1
398 287 2
398 294 1
398 44 1
398 88 1
399 247 2
400 370 5
400 278 3
400 422 1
401 373 1
401 340 1
402 251 1
403 385 2
404 87 1
404 369 1
405 380 2
406 368 1
406 369 3
407 368 1
407 396 1
408 285 1
409 238 1
410 162 1
410 300 1
411 285 1
412 163 1
413 256 1
414 259 1
415 266 1
416 270 1
416 287 2
416 288 2
416 333 1
416 300 1
416 306 1
416 44 3
416 88 2
417 233 1
418 80 1
419 162 1
420 285 1
421 288 1
422 400 1
423 297 1
424 340 1
425 303 1
426 354 1
427 342 2
427 312 2
427 163 1
428 159 1
429 344 2
430 312 1
431 312 2
432 345 1
