0 1 2
1 0 2
1 57 2
1 47 1
1 217 1
1 218 1
1 234 1
1 236 1
1 17 1
2 3 1
2 4 1
3 2 1
3 24 2
3 38 1
3 59 1
4 2 1
4 24 1
4 61 1
4 285 2
5 6 2
6 5 2
6 15 2
6 42 2
6 47 1
6 6 2
6 185 1
6 128 1
6 17 1
6 148 1
6 149 1
7 8 2
7 9 1
8 7 2
8 112 1
8 17 1
8 245 2
9 7 1
9 77 1
9 47 1
10 11 1
10 12 1
11 10 1
11 74 1
11 77 1
12 10 1
12 77 2
12 164 1
12 117 1
12 120 1
13 14 1
14 13 1
14 77 3
14 116 4
15 6 2
15 16 1
15 17 1
15 18 1
16 15 1
17 15 1
17 37 1
17 57 1
17 87 1
17 99 1
17 77 1
17 47 1
17 1 1
17 242 1
17 244 2
17 6 1
17 8 1
17 110 1
18 15 1
18 70 1
18 77 1
18 47 1
18 183 1
19 20 1
20 19 1
21 22 2
21 23 1
22 21 2
22 24 4
22 94 3
22 47 2
22 22 2
22 241 1
22 184 2
23 21 1
23 47 1
23 176 1
23 275 1
23 56 1
23 276 1
23 202 1
23 209 1
23 158 1
24 3 2
24 22 4
24 25 2
24 26 2
24 27 2
24 28 2
24 29 2
24 30 2
24 31 2
24 32 2
24 33 2
24 34 2
24 35 1
24 4 1
25 24 2
25 77 1
25 120 1
25 137 1
25 145 1
26 24 2
26 61 3
26 72 3
26 77 1
26 117 1
26 118 1
26 120 1
26 48 1
27 24 2
27 65 1
27 66 1
27 71 1
27 82 1
27 77 2
27 27 2
27 120 2
28 24 2
28 40 1
28 47 1
28 41 2
29 24 2
29 112 2
30 24 2
30 49 2
30 63 2
30 64 1
30 77 2
30 114 2
30 118 1
30 120 1
30 132 1
31 24 2
31 122 2
31 246 1
32 24 2
32 68 2
32 60 1
33 24 2
33 33 2
33 115 3
33 120 1
33 247 1
34 24 2
34 36 2
34 69 1
34 47 1
35 24 1
35 57 1
35 69 1
35 47 2
36 34 2
37 17 1
38 3 1
38 39 1
39 38 1
39 65 1
39 47 1
39 223 1
39 164 1
40 28 1
40 41 1
41 40 1
41 28 2
41 81 1
41 190 2
41 194 1
41 96 2
41 205 3
41 258 1
42 6 2
43 43 2
43 44 1
43 45 1
44 43 1
44 113 2
44 120 1
45 43 1
45 240 1
46 47 1
46 48 1
47 46 1
47 88 1
47 92 2
47 95 1
47 178 1
47 179 1
47 164 1
47 177 1
47 165 1
47 169 1
47 78 1
47 22 2
47 180 1
47 1 1
47 6 1
47 181 1
47 28 1
47 182 1
47 34 1
47 183 1
47 184 1
47 185 1
47 186 1
47 187 2
47 175 1
47 188 1
47 126 1
47 127 2
47 189 1
47 128 1
47 190 1
47 176 1
47 90 1
47 191 1
47 35 2
47 192 1
47 193 1
47 17 1
47 91 1
47 141 1
47 18 1
47 142 1
47 194 1
47 93 1
47 39 1
47 195 1
47 196 1
47 197 1
47 198 1
47 199 2
47 200 1
47 201 1
47 202 1
47 153 1
47 9 1
47 203 1
47 204 1
47 205 1
47 206 1
47 207 1
47 208 1
47 60 1
47 209 1
47 23 1
47 210 1
47 211 1
47 156 1
47 212 2
47 73 1
47 157 2
47 213 1
47 214 1
47 215 1
47 216 1
48 46 1
48 77 2
48 26 1
48 117 1
49 30 2
49 50 1
50 49 1
50 114 2
51 52 1
51 53 1
51 54 1
51 55 1
51 56 1
52 51 1
53 51 1
54 51 1
55 51 1
55 77 1
55 149 1
56 51 1
56 23 1
57 1 2
57 35 1
57 17 1
57 58 1
58 57 1
58 65 1
58 249 1
59 3 1
59 60 1
60 59 1
60 68 1
60 71 1
60 47 1
60 164 1
60 181 1
60 32 1
60 197 1
60 147 1
61 62 1
61 26 3
61 4 1
62 61 1
62 145 1
63 30 2
64 30 1
65 27 1
65 39 1
65 58 1
66 27 1
66 67 1
67 66 1
67 267 1
68 32 2
68 60 1
69 34 1
69 35 1
70 18 1
71 27 1
71 60 1
72 26 3
72 73 1
73 72 1
73 47 1
73 228 1
74 11 1
75 75 4
76 77 1
76 78 2
77 76 1
77 87 1
77 107 1
77 25 1
77 26 1
77 27 2
77 108 1
77 109 1
77 30 2
77 55 1
77 110 1
77 111 1
77 112 1
77 113 1
77 114 1
77 115 1
77 116 1
77 117 1
77 118 1
77 119 1
77 120 1
77 121 1
77 122 1
77 123 1
77 124 1
77 125 1
77 126 1
77 127 1
77 83 1
77 11 1
77 128 1
77 129 1
77 130 1
77 131 1
77 132 2
77 133 1
77 134 1
77 14 3
77 135 1
77 136 1
77 86 1
77 90 1
77 137 1
77 138 1
77 139 1
77 17 1
77 140 1
77 91 1
77 141 1
77 18 1
77 142 1
77 143 1
77 144 1
77 145 1
77 146 1
77 147 2
77 148 1
77 149 1
77 150 1
77 12 2
77 151 1
77 152 1
77 153 1
77 9 1
77 154 1
77 96 1
77 155 1
77 48 2
77 156 1
77 157 1
77 158 1
77 159 2
78 76 2
78 47 1
78 165 1
79 80 1
79 81 1
80 79 1
81 79 1
81 41 1
82 27 1
82 83 1
83 82 1
83 84 1
83 77 1
83 164 1
84 83 1
85 86 1
86 85 1
86 77 1
87 77 1
87 17 1
88 47 1
88 89 1
88 90 1
88 91 1
89 88 1
89 93 1
90 88 1
90 77 1
90 47 1
90 164 1
90 177 1
91 88 1
91 77 1
91 47 1
91 164 1
91 177 1
92 47 2
92 93 1
93 92 1
93 47 1
93 89 1
93 180 1
94 22 3
95 47 1
95 96 2
96 95 2
96 77 1
96 41 2
96 284 1
97 98 1
98 97 1
99 17 1
100 101 2
101 100 2
102 103 1
103 102 1
103 120 1
103 250 1
103 251 2
104 105 1
104 106 1
105 104 1
105 160 1
105 161 2
105 162 2
105 163 2
105 164 1
105 165 2
105 166 3
105 167 2
105 168 1
105 169 1
105 170 1
105 171 1
105 172 1
105 173 1
105 174 1
105 175 1
106 104 1
106 178 1
106 132 1
107 77 1
108 77 1
109 77 1
110 77 1
110 249 4
110 17 1
111 77 1
111 143 2
112 77 1
112 8 1
112 29 2
112 252 1
112 200 2
112 154 1
113 77 1
113 44 2
113 253 1
113 254 1
114 77 1
114 30 2
114 118 2
114 120 2
114 255 1
114 132 2
114 176 1
114 50 2
114 256 2
114 257 3
115 77 1
115 33 3
115 120 2
115 247 2
115 260 1
116 77 1
116 244 3
116 125 3
116 134 3
116 14 4
116 216 3
117 77 1
117 26 1
117 171 1
117 118 1
117 120 2
117 176 1
117 135 1
117 150 1
117 12 1
117 151 2
117 48 1
118 77 1
118 26 1
118 30 1
118 114 2
118 117 1
118 120 1
118 255 1
118 132 4
118 256 1
118 146 1
118 151 1
119 77 1
119 237 1
119 238 1
119 120 2
119 151 1
120 77 1
120 25 1
120 26 1
120 27 2
120 44 1
120 30 1
120 33 1
120 103 1
120 171 1
120 114 2
120 115 2
120 117 2
120 118 1
120 119 2
120 253 1
120 135 1
120 150 1
120 12 1
120 151 1
120 264 1
121 77 1
122 77 1
122 31 2
123 77 1
123 228 1
123 234 1
123 240 5
123 235 2
123 123 4
124 77 1
124 248 1
124 136 1
125 77 1
125 244 1
125 116 3
126 77 1
126 47 1
127 77 1
127 47 2
127 219 1
128 77 1
128 47 1
128 6 1
128 185 1
128 214 1
129 77 1
130 77 1
131 77 1
131 131 2
132 77 2
132 178 1
132 106 1
132 233 1
132 30 1
132 114 2
132 118 4
133 77 1
133 186 1
134 77 1
134 248 1
134 116 3
135 77 1
135 117 1
135 120 1
136 77 1
136 261 2
136 124 1
137 77 1
137 221 1
137 25 1
138 77 1
138 248 1
139 77 1
139 261 2
140 77 1
140 242 1
140 243 1
140 281 2
140 220 1
141 77 1
141 47 1
142 77 1
142 47 1
143 77 1
143 111 2
144 77 1
145 77 1
145 224 1
145 62 1
145 221 1
145 25 1
146 77 1
146 118 1
146 277 1
147 77 2
147 249 1
147 60 1
148 77 1
148 6 1
148 185 1
149 77 1
149 6 1
149 55 1
149 185 1
150 77 1
150 117 1
150 120 1
151 77 1
151 117 2
151 118 1
151 119 1
151 120 1
152 77 1
153 77 1
153 47 1
154 77 1
154 112 1
154 215 1
155 77 1
155 155 2
156 77 1
156 47 1
157 77 1
157 47 2
157 157 2
158 77 1
158 23 1
159 77 2
159 261 1
159 232 2
159 278 1
160 105 1
160 175 1
161 105 2
161 162 2
161 163 2
161 164 1
161 165 1
161 166 2
161 167 2
161 176 1
162 105 2
162 161 2
162 163 2
162 164 1
162 177 1
162 165 1
162 166 2
162 167 2
163 105 2
163 161 2
163 162 2
163 164 1
163 165 1
163 166 2
163 167 2
164 105 1
164 161 1
164 162 1
164 163 1
164 47 1
164 165 1
164 166 1
164 167 1
164 183 1
164 83 1
164 90 1
164 232 1
164 91 1
164 39 1
164 12 1
164 60 1
165 105 2
165 161 1
165 162 1
165 163 1
165 47 1
165 164 1
165 165 2
165 166 1
165 167 1
165 78 1
166 105 3
166 161 2
166 162 2
166 163 2
166 164 1
166 165 1
166 167 2
166 175 1
167 105 2
167 161 2
167 162 2
167 163 2
167 164 1
167 165 1
167 166 2
168 105 1
168 173 1
169 105 1
169 47 1
169 229 1
170 105 1
170 171 1
171 105 1
171 170 1
171 117 1
171 120 1
171 186 1
172 105 1
173 105 1
173 168 1
173 174 1
174 105 1
174 173 1
175 105 1
175 160 1
175 47 1
175 166 1
176 161 1
176 47 1
176 114 1
176 117 1
176 23 1
177 162 1
177 47 1
177 90 1
177 91 1
178 47 1
178 106 1
178 183 1
178 132 1
178 220 1
179 47 1
179 221 1
179 222 1
180 47 1
180 240 2
180 93 1
180 206 1
181 47 1
181 234 2
181 235 1
181 60 1
182 47 1
182 182 4
183 47 1
183 178 1
183 164 1
183 18 1
184 47 1
184 22 2
185 47 1
185 6 1
185 189 1
185 128 1
185 192 1
185 199 1
185 148 1
185 149 1
186 47 1
186 171 1
186 133 1
187 47 2
187 197 1
188 47 1
188 196 1
189 47 1
189 185 1
190 47 1
190 41 2
190 190 6
191 47 1
192 47 1
192 185 1
193 47 1
194 47 1
194 41 1
195 47 1
196 47 1
196 249 2
196 188 1
197 47 1
197 225 1
197 218 1
197 249 1
197 187 1
197 60 1
198 47 1
199 47 2
199 185 1
200 47 1
200 112 2
201 47 1
202 47 1
202 23 1
203 47 1
204 47 1
204 244 1
205 47 1
205 41 3
205 205 4
206 47 1
206 180 1
206 240 3
207 47 1
208 47 1
209 47 1
209 23 1
210 47 1
211 47 1
212 47 2
212 231 1
213 47 1
214 47 1
214 128 1
215 47 1
215 154 1
216 47 1
216 244 1
216 116 3
217 218 1
217 1 1
218 217 1
218 1 1
218 197 1
219 127 1
220 178 1
220 140 1
221 179 1
221 137 1
221 145 1
222 179 1
223 39 1
224 145 1
225 197 1
226 227 1
227 226 1
227 270 2
228 123 1
228 73 1
229 169 1
229 230 1
230 229 1
230 268 1
230 269 1
230 272 2
230 273 1
231 212 1
232 164 1
232 261 1
232 278 2
232 159 2
233 132 1
234 1 1
234 181 2
234 235 1
234 123 1
235 234 1
235 181 1
235 123 2
236 1 1
237 119 1
238 119 1
239 240 1
240 239 1
240 180 2
240 123 5
240 206 3
240 45 1
240 259 1
241 22 1
242 243 2
242 17 1
242 140 1
243 242 2
243 140 1
244 116 3
244 125 1
244 17 2
244 204 1
244 216 1
245 8 2
246 31 1
247 33 1
247 115 2
248 124 1
248 134 1
248 138 1
249 110 4
249 196 2
249 197 1
249 147 1
249 58 1
250 103 1
251 103 2
252 112 1
253 113 1
253 120 1
254 113 1
255 114 1
255 118 1
256 114 2
256 118 1
257 114 3
257 257 2
258 41 1
259 240 1
260 115 1
260 267 4
261 136 2
261 232 1
261 139 2
261 262 2
261 263 1
261 159 1
262 261 2
262 262 2
263 261 1
264 120 1
265 266 2
266 265 2
267 67 1
267 260 4
268 230 1
269 230 1
270 271 1
270 227 2
271 270 1
272 230 2
272 274 1
273 230 1
274 272 1
275 23 1
276 23 1
277 146 1
278 232 2
278 159 1
279 280 1
280 279 1
281 140 2
282 283 1
283 282 1
284 96 1
285 4 2
